NUM   TIPO   MODIF  MI ANOI MF ANOF
XXXX XXXXX XXXXXXXX XX XXXX XX XXXX
   1 POTEF   640.00  8 2023          ANGRA 1
   1 FCMAX   100.00  8 2023          
   1 TEIFT     0.00  8 2023  9 2023  
   1 GTMIN 00639.99  8 2023  9 2023
   1 GTMIN   404.42 10 2023 10 2023
   1 GTMIN   384.17 12 2023 12 2023
   1 GTMIN 00509.82  1 2024 12 2027
  13 POTEF  1350.00  8 2023          ANGRA 2
  13 FCMAX   100.00  8 2023  8 2023  
  13 TEIFT     0.00  8 2023  9 2023  
  13 GTMIN  1349.99  8 2023  8 2023
  13 FCMAX    29.17  9 2023  9 2023  
  13 GTMIN   393.72  9 2023  9 2023
  13 FCMAX   100.00 10 2023          
  13 GTMIN  1020.50 10 2023 10 2023
  13 GTMIN 01080.00 11 2023 12 2027
 211 POTEF   530.00  8 2023          BAIXADA FLU
 211 FCMAX   100.00  8 2023          
 211 TEIFT     0.00  8 2023  9 2023  
 256 POTEF    80.00  7 2026          CIDADE LIVRO
  97 POTEF   216.00  8 2023 12 2024  CUBATAO
  97 FCMAX    96.76  8 2023  9 2023  
  97 TEIFT     0.00  8 2023  9 2023  
  97 FCMAX   100.00 10 2023 12 2024  
  97 GTMIN    86.40 10 2023 10 2023
  97 GTMIN    58.51 11 2023 11 2023
  97 GTMIN 00086.40 12 2023 12 2024
  97 POTEF   249.90  1 2025          CUBATAO
  97 FCMAX    86.43  1 2025          
  97 IPTER    11.35  1 2025          
  97 TEIFT     8.65  1 2025          
  12 POTEF   529.20  8 2023          CUIABA G CC
  12 FCMAX     0.00  8 2023          
 153 POTEF    44.44  8 2023          DAIA
 153 FCMAX     0.00  8 2023          
  65 POTEF   254.80  8 2023          DO ATLAN_CSA
  65 FCMAX    26.61  8 2023  8 2023  
  65 TEIFT     0.00  8 2023  9 2023  
  65 GTMIN    67.79  8 2023  8 2023
  65 FCMAX    57.49  9 2023  9 2023  
  65 GTMIN   146.47  9 2023  9 2023
  65 FCMAX    93.00 10 2023          
  65 GTMIN   235.39 10 2023 10 2023
  65 GTMIN   172.61 11 2023 11 2023
  65 GTMIN   182.24 12 2023 12 2023
  65 IPTER     0.00  1 2024  6 2024  
  65 GTMIN 00235.39  1 2024  6 2024
  65 IPTER    35.48  7 2024  7 2024  
  65 GTMIN   151.87  7 2024  7 2024
  65 IPTER    16.13  8 2024  8 2024  
  65 GTMIN   197.42  8 2024  8 2024
  65 IPTER     0.00  9 2024 12 2024  
  65 GTMIN 00235.39  9 2024 12 2024
  65 GTMIN 00226.34  1 2025 12 2027
 183 POTEF   235.20  8 2023          DO_ATLANTICO
 183 FCMAX    69.62  8 2023  8 2023  
 183 TEIFT     0.00  8 2023  9 2023  
 183 GTMIN   163.73  8 2023  8 2023
 183 FCMAX    92.98  9 2023  9 2023  
 183 GTMIN   218.68  9 2023  9 2023
 183 FCMAX    93.00 10 2023          
 183 IPTER     3.84 10 2023          
 183 GTMIN 00201.50 10 2023 12 2027
 137 POTEF  1338.30  8 2023          GNA I
 137 FCMAX    99.98  8 2023  9 2023  
 137 TEIFT     0.00  8 2023  9 2023  
 137 FCMAX   100.00 10 2023          
 238 POTEF  1672.60  1 2025          GNA II
 238 GTMIN 01598.16  7 2025 10 2025
 238 GTMIN  1278.58 11 2025 11 2025
 238 GTMIN 01598.16  7 2026 10 2026
 238 GTMIN  1278.58 11 2026 11 2026
 238 GTMIN 01598.16  7 2027 10 2027
 238 GTMIN  1278.58 11 2027 11 2027
 155 POTEF   140.33  8 2023          GOIANIA II
 155 FCMAX    96.91  8 2023  9 2023  
 155 TEIFT     0.00  8 2023  9 2023  
 155 FCMAX    97.00 10 2023 12 2023  
 155 FCMAX     0.00  1 2024          
  63 POTEF   235.00  8 2023          IBIRITE
  63 FCMAX    42.94  8 2023  8 2023  
  63 TEIFT     0.00  8 2023  9 2023  
  63 FCMAX    83.30  9 2023  9 2023  
  63 FCMAX   100.00 10 2023          
  63 IPTER     9.71  1 2026  6 2026  
  63 IPTER     5.80  7 2026          
  63 TEIFT     4.70  7 2026          
  54 POTEF    87.05  8 2023          JUIZ DE FORA
  54 FCMAX    96.50  8 2023  9 2023  
  54 TEIFT     0.00  8 2023  9 2023  
  54 FCMAX    99.94 10 2023          
 245 POTEF   258.64  8 2023 12 2025  KARKEY 013
 245 FCMAX    94.75  8 2023  8 2023  
 245 TEIFT     0.00  8 2023  9 2023  
 245 GTMIN 00031.00  8 2023  9 2023
 245 FCMAX    97.05  9 2023  9 2023  
 245 FCMAX    96.98 10 2023 12 2025  
 245 GTMIN 00048.98 10 2023 12 2025
 245 IPTER     0.20  1 2024  1 2024  
 245 IPTER     0.00  2 2024  2 2024  
 245 IPTER     0.25  3 2024  3 2024  
 245 IPTER     0.52  4 2024  4 2024  
 245 IPTER     1.01  5 2024  5 2024  
 245 IPTER     1.30  6 2024  6 2024  
 245 IPTER     0.00  7 2024  8 2024  
 245 IPTER     0.26  9 2024  9 2024  
 245 IPTER     0.50 10 2024 10 2024  
 245 IPTER     1.82 11 2024 11 2024  
 245 IPTER     2.27 12 2024 12 2024  
 246 POTEF   115.92  8 2023 12 2025  KARKEY 019
 246 TEIFT     0.00  8 2023  9 2023  
 246 GTMIN   110.43 10 2023 10 2023
 246 GTMIN 00011.04 11 2023  5 2024
 246 IPTER     0.00  1 2024  1 2024  
 246 IPTER     0.54  2 2024  2 2024  
 246 IPTER     0.00  3 2024  3 2024  
 246 IPTER     2.63  4 2024  4 2024  
 246 IPTER     0.00  5 2024  7 2024  
 246 GTMIN 00110.43  6 2024 10 2024
 246 IPTER     0.17  8 2024  8 2024  
 246 IPTER     0.00  9 2024  9 2024  
 246 IPTER     0.51 10 2024 10 2024  
 246 IPTER     0.00 11 2024 12 2024  
 246 GTMIN 00011.04 11 2024  5 2025
 246 GTMIN 00110.43  6 2025 10 2025
 246 GTMIN 00011.04 11 2025 12 2025
  15 POTEF   204.00  8 2023  6 2026  LINHARES
  15 FCMAX   100.00  8 2023  6 2026  
  15 TEIFT     0.00  8 2023 11 2023  
 257 POTEF   204.00  7 2026          LINHARES LRC
 247 POTEF    36.00  8 2023 12 2025  LINHARES PCS
 247 TEIFT     0.00  8 2023  9 2023  
 247 GTMIN 00034.60  8 2023  9 2023
 247 GTMIN    34.57 10 2023 10 2023
 247 GTMIN    33.68 11 2023 11 2023
 247 GTMIN    34.30 12 2023 12 2023
 247 IPTER     0.00  1 2024  1 2024  
 247 GTMIN    34.57  1 2024  1 2024
 247 IPTER     5.17  2 2024  2 2024  
 247 GTMIN    33.33  2 2024  2 2024
 247 IPTER     1.61  3 2024  3 2024  
 247 GTMIN 00034.57  3 2024  4 2024
 247 IPTER     0.00  4 2024  4 2024  
 247 IPTER    13.71  5 2024  5 2024  
 247 GTMIN    30.33  5 2024  5 2024
 247 IPTER    14.17  6 2024  6 2024  
 247 GTMIN    30.17  6 2024  6 2024
 247 IPTER    13.71  7 2024  7 2024  
 247 GTMIN    30.33  7 2024  7 2024
 247 IPTER    10.48  8 2024  8 2024  
 247 GTMIN    31.47  8 2024  8 2024
 247 IPTER     6.67  9 2024  9 2024  
 247 GTMIN    32.80  9 2024  9 2024
 247 IPTER     1.61 10 2024 10 2024  
 247 GTMIN    34.57 10 2024 10 2024
 247 IPTER     2.50 11 2024 11 2024  
 247 GTMIN    34.27 11 2024 11 2024
 247 IPTER     2.42 12 2024 12 2024  
 247 GTMIN    34.30 12 2024 12 2024
 247 GTMIN 00034.57  1 2025 12 2025
 236 POTEF   565.50 10 2023          MARLIM AZUL
 236 GTMIN 00420.84 11 2023  4 2024
 236 GTMIN 00420.84 11 2024  4 2025
 236 GTMIN 00420.84 11 2025  4 2026
 236 GTMIN 00420.84 11 2026  4 2027
 236 GTMIN 00420.84 11 2027 12 2027
 110 POTEF   479.25  8 2023  8 2023  N.PIRATINING
 110 FCMAX    99.11  8 2023  8 2023  
 110 TEIFT     0.00  8 2023  9 2023  
 110 POTEF   572.10  9 2023          N.PIRATINING
 110 FCMAX    97.51  9 2023  9 2023  
 110 FCMAX    97.00 10 2023 12 2024  
 110 FCMAX    65.51  1 2025          
 171 POTEF   400.00  8 2023          NORTEFLU-1
 171 FCMAX   100.00  8 2023          
 171 TEIFT     0.00  8 2023  9 2023  
 171 GTMIN   386.67  9 2023  9 2023
 171 GTMIN 00399.99 10 2023 12 2027
 172 POTEF   100.00  8 2023          NORTEFLU-2
 172 FCMAX   100.00  8 2023          
 172 TEIFT     0.00  8 2023  9 2023  
 172 IPTER     0.00  1 2024  2 2024  
 172 IPTER    74.19  3 2024  3 2024  
 172 IPTER    73.33  4 2024  4 2024  
 172 IPTER    74.19  5 2024  5 2024  
 172 IPTER    73.33  6 2024  6 2024  
 172 IPTER    74.19  7 2024  8 2024  
 172 IPTER    73.33  9 2024  9 2024  
 172 IPTER     0.00 10 2024 12 2024  
 173 POTEF   200.00  8 2023          NORTEFLU-3
 173 FCMAX   100.00  8 2023          
 173 TEIFT     0.00  8 2023  9 2023  
 173 IPTER     0.00  1 2024  2 2024  
 173 IPTER   100.00  3 2024  9 2024  
 173 IPTER    41.94 10 2024 10 2024  
 173 IPTER     0.00 11 2024 12 2024  
 174 POTEF   126.78  8 2023          NORTEFLU-4
 174 FCMAX    99.38  8 2023  9 2023  
 174 TEIFT     0.00  8 2023  9 2023  
 174 FCMAX   100.00 10 2023          
 174 IPTER     0.00  1 2024  2 2024  
 174 IPTER   100.00  3 2024 10 2024  
 174 IPTER     0.00 11 2024 12 2024  
 229 POTEF    50.00  8 2023          ONCA PINTADA
 229 FCMAX   100.00  8 2023  9 2023  
 229 TEIFT     0.00  8 2023  9 2023  
 229 FCMAX    95.00 10 2023          
 229 IPTER     0.00  1 2024  5 2024  
 229 GTMIN    22.32  4 2024  4 2024
 229 GTMIN 00030.00  5 2024  6 2024
 229 IPTER    33.33  6 2024  6 2024  
 229 IPTER     0.00  7 2024 12 2024  
 229 GTMIN    22.32  4 2025  4 2025
 229 GTMIN 00030.00  5 2025  6 2025
 229 GTMIN    22.32  4 2026  4 2026
 229 GTMIN 00030.00  5 2026  6 2026
 229 GTMIN    22.32  4 2027  4 2027
 229 GTMIN 00030.00  5 2027  6 2027
 182 POTEF   175.56  8 2023          PALMEIRAS GO
 182 FCMAX    11.39  8 2023  8 2023  
 182 TEIFT     0.00  8 2023  9 2023  
 182 FCMAX    55.44  9 2023  9 2023  
 182 FCMAX    80.00 10 2023 12 2025  
 182 FCMAX     0.00  1 2026          
 248 POTEF    15.95  8 2023 12 2025  PAULINIA VER
 248 FCMAX    98.24  8 2023  8 2023  
 248 TEIFT     0.00  8 2023  9 2023  
 248 GTMIN    15.66  8 2023  8 2023
 248 FCMAX    98.43  9 2023  9 2023  
 248 GTMIN    15.69  9 2023  9 2023
 248 FCMAX    98.68 10 2023 12 2025  
 248 GTMIN 00015.62 10 2023 12 2023
 248 GTMIN 00015.50  1 2024 12 2025
  50 POTEF   200.00  8 2023          PIRAT.12 G
  50 FCMAX     0.00  8 2023          
 249 POTEF   115.92  8 2023 12 2025  PORSUD I
 249 TEIFT     0.00  8 2023  9 2023  
 249 IPTER     0.00  1 2024  7 2024  
 249 GTMIN 00101.14  7 2024  9 2024
 249 IPTER     0.54  8 2024  8 2024  
 249 IPTER     0.00  9 2024  9 2024  
 249 IPTER     4.84 10 2024 10 2024  
 249 IPTER     3.89 11 2024 11 2024  
 249 IPTER     0.00 12 2024 12 2024  
 249 GTMIN 00101.14  7 2025  9 2025
 250 POTEF    78.32  8 2023 12 2025  PORSUD II
 250 FCMAX    97.04  8 2023  9 2023  
 250 TEIFT     0.00  8 2023  9 2023  
 250 FCMAX    97.25 10 2023 12 2025  
 250 GTMIN 00066.87  7 2024  9 2024
 250 GTMIN 00066.87  7 2025  9 2025
 251 POTEF    74.96  8 2023 12 2025  POVOACAO 1
 251 TEIFT     0.00  8 2023  9 2023  
 251 GTMIN 00072.00  8 2023  9 2023
 251 GTMIN    70.81 10 2023 10 2023
 251 GTMIN    71.98 11 2023 11 2023
 251 GTMIN    70.81 12 2023 12 2023
 251 IPTER     2.42  1 2024  1 2024  
 251 GTMIN    71.40  1 2024  1 2024
 251 IPTER     1.72  2 2024  2 2024  
 251 GTMIN    71.91  2 2024  2 2024
 251 IPTER     3.23  3 2024  3 2024  
 251 GTMIN    70.81  3 2024  3 2024
 251 IPTER     1.67  4 2024  4 2024  
 251 GTMIN    71.95  4 2024  4 2024
 251 IPTER     6.85  5 2024  5 2024  
 251 GTMIN    68.16  5 2024  5 2024
 251 IPTER     5.42  6 2024  6 2024  
 251 GTMIN    69.21  6 2024  6 2024
 251 IPTER     4.44  7 2024  7 2024  
 251 GTMIN    69.92  7 2024  7 2024
 251 IPTER     5.24  8 2024  8 2024  
 251 GTMIN    69.34  8 2024  8 2024
 251 IPTER     7.50  9 2024  9 2024  
 251 GTMIN    67.68  9 2024  9 2024
 251 IPTER     6.85 10 2024 10 2024  
 251 GTMIN    68.16 10 2024 10 2024
 251 IPTER     8.75 11 2024 11 2024  
 251 GTMIN    66.77 11 2024 11 2024
 251 IPTER     6.45 12 2024 12 2024  
 251 GTMIN    68.45 12 2024 12 2024
 251 GTMIN 00071.98  1 2025 12 2025
 230 POTEF     5.00  8 2023          PREDILECTA
 230 FCMAX     0.00  8 2023          
  62 POTEF   360.00  8 2023          SEROPEDICA
  62 TEIFT     0.00  8 2023  9 2023  
   4 POTEF   436.00  8 2023          ST.CRUZ 34
   4 FCMAX     0.00  8 2023          
  86 POTEF   500.00  8 2023          ST.CRUZ NOVA
  86 TEIFT     0.00  8 2023 11 2023  
 146 POTEF    41.40  8 2023          STA VITORIA
 146 FCMAX   100.00  8 2023  9 2023  
 146 TEIFT     0.00  8 2023  9 2023  
 146 GTMIN 00040.00  8 2023  9 2023
 146 FCMAX    93.00 10 2023          
 146 GTMIN 00013.00 10 2023 12 2023
 146 IPTER   100.00  1 2024  2 2024  
 146 IPTER     0.00  3 2024 12 2024  
 146 GTMIN 00013.00  3 2024 12 2027
 194 POTEF   349.00  8 2023          T. NORTE 2
 194 FCMAX     0.00  8 2023          
  90 POTEF   928.70  8 2023  6 2026  TERMOMACAE
  90 FCMAX    96.91  8 2023  9 2023  
  90 TEIFT     0.00  8 2023  9 2023  
  90 FCMAX    99.99 10 2023  6 2026  
  90 IPTER     7.83  1 2026  6 2026  
  90 POTEF   922.62  7 2026          TERMOMACAE
  90 FCMAX   100.00  7 2026          
  90 IPTER     3.40  7 2026          
  90 TEIFT     9.30  7 2026          
  47 POTEF   989.20  8 2023  6 2026  TERMORIO
  47 FCMAX    99.98  8 2023  9 2023  
  47 TEIFT     0.00  8 2023  9 2023  
  47 FCMAX   100.00 10 2023  6 2026  
  47 GTMIN 00100.50 10 2023 10 2024
  47 IPTER     5.44  1 2026  6 2026  
  47 POTEF  1058.30  7 2026          TERMORIO
  47 FCMAX    93.47  7 2026          
  47 IPTER     5.20  7 2026          
  47 TEIFT     6.00  7 2026          
  68 POTEF   350.00  8 2023          TRES LAGOAS
  68 TEIFT     0.00  8 2023  9 2023  
  68 IPTER     0.00  1 2024  2 2024  
  68 IPTER    11.62  3 2024  3 2024  
  68 IPTER    16.38  4 2024  5 2024  
  68 IPTER    15.28  6 2024  6 2024  
  68 IPTER    16.38  7 2024  7 2024  
  68 IPTER    15.85  8 2024  8 2024  
  68 IPTER     0.00  9 2024 12 2024  
  49 POTEF   174.60  8 2023          VIANA
  49 FCMAX   100.00  8 2023          
  49 TEIFT     0.00  8 2023  9 2023  
 253 POTEF    37.48  8 2023 12 2025  VIANA 1
 253 TEIFT     0.00  8 2023  9 2023  
 253 GTMIN 00036.00  8 2023  9 2023
 253 GTMIN 00035.99 10 2023 11 2023
 253 GTMIN    35.38 12 2023 12 2023
 253 IPTER     0.00  1 2024  1 2024  
 253 GTMIN 00035.99  1 2024  2 2024
 253 IPTER     0.86  2 2024  2 2024  
 253 IPTER     2.42  3 2024  3 2024  
 253 GTMIN    35.67  3 2024  3 2024
 253 IPTER     0.00  4 2024  4 2024  
 253 GTMIN    35.99  4 2024  4 2024
 253 IPTER     8.06  5 2024  5 2024  
 253 GTMIN    33.61  5 2024  5 2024
 253 IPTER     7.50  6 2024  6 2024  
 253 GTMIN    33.81  6 2024  6 2024
 253 IPTER    10.48  7 2024  7 2024  
 253 GTMIN    32.72  7 2024  7 2024
 253 IPTER    13.71  8 2024  8 2024  
 253 GTMIN    31.54  8 2024  8 2024
 253 IPTER    13.33  9 2024  9 2024  
 253 GTMIN    31.68  9 2024  9 2024
 253 IPTER     0.81 10 2024 10 2024  
 253 GTMIN    35.99 10 2024 10 2024
 253 IPTER     1.67 11 2024 11 2024  
 253 GTMIN    35.95 11 2024 11 2024
 253 IPTER     1.61 12 2024 12 2024  
 253 GTMIN    35.97 12 2024 12 2024
 253 GTMIN 00035.99  1 2025 12 2025
 334 POTEF   177.12  8 2023          W. ARJONA
 334 FCMAX     0.00  8 2023  6 2026  
 334 FCMAX    90.00  7 2026          
 334 IPTER     3.49  7 2026          
 334 TEIFT     2.50  7 2026          
 108 POTEF    53.58  8 2023          XAVANTES
 108 FCMAX    99.86  8 2023  9 2023  
 108 TEIFT     0.00  8 2023  9 2023  
 108 FCMAX    99.99 10 2023          
  48 POTEF   484.15  8 2023          ARAUCARIA
  48 FCMAX     0.00  8 2023          
 254 POTEF    10.32  8 2023 12 2025  B. BONITA I
 254 TEIFT     0.00  8 2023  9 2023  
 254 GTMIN 00003.70  8 2023 12 2025
 254 IPTER     2.76  1 2024  1 2024  
 254 IPTER     6.90  2 2024  2 2024  
 254 IPTER     2.76  3 2024  3 2024  
 254 IPTER    10.48  4 2024  4 2024  
 254 IPTER    14.29  5 2024  5 2024  
 254 IPTER     7.14  6 2024  6 2024  
 254 IPTER     4.61  7 2024  7 2024  
 254 IPTER    13.82  8 2024  8 2024  
 254 IPTER     6.67  9 2024  9 2024  
 254 IPTER     5.53 10 2024 10 2024  
 254 IPTER     3.81 11 2024 11 2024  
 254 IPTER     3.69 12 2024 12 2024  
 156 POTEF   350.00  8 2023          CANDIOTA 3
 156 FCMAX   100.00  8 2023          
 156 TEIFT     0.00  8 2023  9 2023  
 156 GTMIN   320.00  8 2023  8 2023
 156 GTMIN   300.67  9 2023  9 2023
 156 GTMIN 00210.00 10 2023  1 2024
 156 IPTER     0.00  1 2024  1 2024  
 156 IPTER   100.00  2 2024  2 2024  
 156 IPTER    51.61  3 2024  3 2024  
 156 GTMIN   136.91  3 2024  3 2024
 156 IPTER     0.00  4 2024 12 2024  
 156 GTMIN 00210.00  4 2024 12 2027
  64 POTEF   248.57  8 2023          CANOAS
  64 FCMAX    97.80  8 2023  9 2023  
  64 TEIFT     0.00  8 2023  9 2023  
  64 FCMAX   100.00 10 2023          
 169 POTEF     4.00  8 2023          CISFRAMA
 169 FCMAX    75.00  8 2023  9 2023  
 169 TEIFT     0.00  8 2023  9 2023  
 169 GTMIN 00002.00  8 2023  9 2023
 169 FCMAX    90.00 10 2023          
 169 GTMIN 00001.70 10 2023 12 2027
  28 POTEF    20.00  8 2023          FIGUEIRA
  28 FCMAX    96.15  8 2023  8 2023  
  28 TEIFT     0.00  8 2023  9 2023  
  28 GTMIN    17.48  8 2023  8 2023
  28 FCMAX   100.00  9 2023  9 2023  
  28 GTMIN    18.00  9 2023  9 2023
  28 FCMAX    90.00 10 2023          
  28 GTMIN 00016.86 10 2023 12 2023
  28 GTMIN 00016.16  1 2024 12 2027
  26 POTEF   100.00  8 2023          J.LACERDA A1
  26 FCMAX    80.00  8 2023          
  26 TEIFT     0.00  8 2023  9 2023  
  26 GTMIN 00068.13 10 2023 12 2023
  26 IPTER     0.00  1 2024  5 2024  
  26 IPTER    48.33  6 2024  6 2024  
  26 GTMIN    35.20  6 2024  6 2024
  26 IPTER    33.87  7 2024  7 2024  
  26 GTMIN    45.05  7 2024  7 2024
  26 IPTER     0.00  8 2024 12 2024  
  26 GTMIN 00068.13  8 2024 12 2024
  26 GTMIN 00050.01  6 2025 12 2025
  26 GTMIN 00050.01  6 2026 12 2026
  26 GTMIN 00050.01  6 2027 12 2027
  27 POTEF   132.00  8 2023          J.LACERDA A2
  27 FCMAX    83.33  8 2023          
  27 TEIFT     0.00  8 2023  9 2023  
  27 GTMIN     4.05  8 2023  8 2023
  27 GTMIN 00097.88 10 2023 12 2023
  27 GTMIN 00079.04  6 2024 12 2024
  27 GTMIN 00079.04  6 2025 12 2025
  27 GTMIN 00079.04  6 2026 12 2026
  27 GTMIN 00079.04  6 2027 12 2027
  25 POTEF   262.00  8 2023          J.LACERDA B
  25 FCMAX    83.97  8 2023  8 2023  
  25 TEIFT     0.00  8 2023  9 2023  
  25 GTMIN     8.12  8 2023  8 2023
  25 FCMAX    44.80  9 2023  9 2023  
  25 FCMAX    83.97 10 2023          
  25 GTMIN    99.71 10 2023 10 2023
  25 GTMIN   142.93 11 2023 11 2023
  25 GTMIN   199.44 12 2023 12 2023
  25 IPTER     0.00  1 2024  8 2024  
  25 GTMIN 00199.44  6 2024  8 2024
  25 IPTER    50.00  9 2024 10 2024  
  25 GTMIN 00099.71  9 2024 10 2024
  25 IPTER    48.33 11 2024 11 2024  
  25 GTMIN   103.04 11 2024 11 2024
  25 IPTER     0.00 12 2024 12 2024  
  25 GTMIN   199.44 12 2024 12 2024
  25 GTMIN 00168.72  6 2025 12 2025
  25 GTMIN 00168.72  6 2026 12 2026
  25 GTMIN 00168.72  6 2027 12 2027
  24 POTEF   363.00  8 2023          J.LACERDA C
  24 FCMAX    90.91  8 2023          
  24 TEIFT     0.00  8 2023  9 2023  
  24 GTMIN    12.17  8 2023  8 2023
  24 GTMIN 00306.59 10 2023 12 2023
  24 IPTER    35.48  1 2024  1 2024  
  24 GTMIN   197.81  1 2024  1 2024
  24 IPTER   100.00  2 2024  2 2024  
  24 IPTER    32.26  3 2024  3 2024  
  24 IPTER     0.00  4 2024 12 2024  
  24 GTMIN 00306.59  6 2024 12 2024
  24 GTMIN   256.00  1 2025  1 2025
  24 GTMIN 00259.36  6 2025 12 2025
  24 GTMIN   256.00  1 2026  1 2026
  24 GTMIN 00259.36  6 2026 12 2026
  24 GTMIN   256.00  1 2027  1 2027
  24 GTMIN 00259.36  6 2027 12 2027
 107 POTEF   345.00  8 2023          PAMPA SUL
 107 FCMAX   100.00  8 2023          
 107 TEIFT     0.00  8 2023  9 2023  
 107 GTMIN    38.71  8 2023  8 2023
 107 GTMIN 00257.82 10 2023 12 2023
 107 IPTER     0.00  1 2024  9 2024  
 107 GTMIN 00170.00  1 2024 12 2027
 107 IPTER    16.13 10 2024 10 2024  
 107 IPTER     0.00 11 2024 12 2024  
 149 POTEF     8.00  8 2023          SAO SEPE
 149 FCMAX   100.00  8 2023  9 2023  
 149 TEIFT     0.00  8 2023  9 2023  
 149 GTMIN     0.65  8 2023  8 2023
 149 FCMAX    90.00 10 2023          
 258 POTEF    28.02  7 2026          TROMBUDO
  35 POTEF   639.90  8 2023          URUGUAIANA
  35 FCMAX     0.00  8 2023          
 164 POTEF   147.16  8 2023          APOENA
 164 FCMAX    92.42  8 2023  9 2023  
 164 TEIFT     0.00  8 2023  9 2023  
 164 FCMAX   100.00 10 2023 12 2023  
 164 FCMAX     0.00  1 2024          
  52 POTEF   169.08  8 2023          CAMPINA GDE
  52 FCMAX    99.95  8 2023  9 2023  
  52 TEIFT     0.00  8 2023  9 2023  
  52 FCMAX   100.00 10 2023 12 2024  
  52 FCMAX     0.00  1 2025          
 112 POTEF    30.97  8 2023          CURUMIM
 112 FCMAX    77.50  8 2023  9 2023  
 112 TEIFT     0.00  8 2023  9 2023  
 112 FCMAX    98.00 10 2023 12 2025  
 112 FCMAX     0.00  1 2026          
 106 POTEF    16.79  8 2023          ERB CANDEIAS
 106 FCMAX    62.60  8 2023  8 2023  
 106 TEIFT     0.00  8 2023  9 2023  
 106 GTMIN     3.35  8 2023  8 2023
 106 FCMAX    65.52  9 2023  9 2023  
 106 GTMIN     3.50  9 2023  9 2023
 106 FCMAX    76.83 10 2023          
 106 GTMIN 00004.00 10 2023  8 2024
 106 IPTER     0.00  1 2024  8 2024  
 106 IPTER   100.00  9 2024  9 2024  
 106 IPTER     0.00 10 2024 12 2024  
 106 GTMIN 00004.00 10 2024 12 2027
  42 POTEF   326.60  8 2023          FORTALEZA
  42 FCMAX   100.00  8 2023          
  42 TEIFT     0.00  8 2023  9 2023  
  42 GTMIN 00223.00  1 2024 12 2027
  53 POTEF   148.80  8 2023          GLOBAL I
  53 FCMAX    96.77  8 2023  9 2023  
  53 TEIFT     0.00  8 2023  9 2023  
  53 FCMAX   100.00 10 2023 12 2024  
  53 IPTER     0.00  1 2024  3 2024  
  53 IPTER    20.00  4 2024  4 2024  
  53 IPTER     0.00  5 2024  7 2024  
  53 IPTER    15.05  8 2024  8 2024  
  53 IPTER     0.00  9 2024 12 2024  
  53 FCMAX     0.00  1 2025          
  55 POTEF   148.80  8 2023          GLOBAL II
  55 FCMAX    95.91  8 2023  8 2023  
  55 TEIFT     0.00  8 2023  9 2023  
  55 FCMAX    96.77  9 2023  9 2023  
  55 FCMAX   100.00 10 2023 12 2024  
  55 IPTER     0.00  1 2024  1 2024  
  55 IPTER    16.09  2 2024  2 2024  
  55 IPTER     0.00  3 2024  5 2024  
  55 IPTER    15.56  6 2024  6 2024  
  55 IPTER     0.00  7 2024  9 2024  
  55 IPTER    15.05 10 2024 10 2024  
  55 IPTER     0.00 11 2024 12 2024  
  55 FCMAX     0.00  1 2025          
 166 POTEF   150.00  8 2023          GUARANI
 166 FCMAX    82.00  8 2023  9 2023  
 166 TEIFT     0.00  8 2023  9 2023  
 166 FCMAX   100.00 10 2023 12 2023  
 166 FCMAX     0.00  1 2024          
  57 POTEF   168.00  8 2023          MARACANAU I
  57 FCMAX    89.41  8 2023  8 2023  
  57 TEIFT     0.00  8 2023  9 2023  
  57 FCMAX    97.00  9 2023  9 2023  
  57 FCMAX    97.62 10 2023 12 2024  
  57 FCMAX     0.00  1 2025          
 167 POTEF   720.28  8 2023          P. PECEM I
 167 FCMAX    99.96  8 2023          
 167 TEIFT     0.00  8 2023  9 2023  
 167 IPTER     0.00  1 2024  4 2024  
 167 IPTER    19.35  5 2024  5 2024  
 167 IPTER     0.00  6 2024  9 2024  
 167 IPTER    19.35 10 2024 10 2024  
 167 IPTER     0.00 11 2024 12 2024  
 163 POTEF   365.00  8 2023          P. PECEM II
 163 FCMAX   100.00  8 2023          
 163 TEIFT     0.00  8 2023  9 2023  
 224 POTEF  1593.20  8 2023          P. SERGIPE I
 224 FCMAX    99.99  8 2023 11 2023  
 224 TEIFT     0.00  8 2023 11 2023  
 224 FCMAX   100.00 12 2023          
 160 POTEF    94.08  8 2023          PAU FERRO I
 160 FCMAX    99.91  8 2023  9 2023  
 160 TEIFT     0.00  8 2023  9 2023  
 160 FCMAX   100.00 10 2023          
  98 POTEF   200.79  8 2023          PERNAMBU_III
  98 TEIFT     0.00  8 2023  9 2023  
  98 FCMAX    99.98 10 2023          
 144 POTEF   136.20  8 2023          PETROLINA
 144 FCMAX    96.92  8 2023          
 144 TEIFT     0.00  8 2023  9 2023  
 259 POTEF  1571.89  7 2026          PORTOCEM I
 151 POTEF    53.12  8 2023          POTIGUAR
 151 FCMAX    99.77  8 2023  9 2023  
 151 TEIFT     0.00  8 2023  9 2023  
 151 FCMAX   100.00 10 2023 12 2023  
 151 FCMAX     0.00  1 2024          
 161 POTEF    66.40  8 2023          POTIGUAR III
 161 FCMAX    82.83  8 2023  9 2023  
 161 TEIFT     0.00  8 2023  9 2023  
 161 FCMAX    82.50 10 2023 12 2023  
 161 FCMAX     0.00  1 2024          
 223 POTEF    55.99  8 2023          PROSPERI III
 223 TEIFT     0.00  8 2023  9 2023  
 223 IPTER     3.23  1 2024  1 2024  
 223 IPTER     0.00  2 2024  6 2024  
 223 IPTER     3.23  7 2024  7 2024  
 223 IPTER     0.00  8 2024 10 2024  
 223 IPTER    13.33 11 2024 11 2024  
 223 IPTER     6.45 12 2024 12 2024  
 241 POTEF    37.44  8 2023          PROSPERID II
 241 FCMAX    99.89  8 2023  9 2023  
 241 TEIFT     0.00  8 2023  9 2023  
 241 FCMAX   100.00 10 2023          
 241 IPTER     0.00  1 2024  1 2024  
 241 IPTER     3.45  2 2024  2 2024  
 241 IPTER     0.00  3 2024  6 2024  
 241 IPTER     3.23  7 2024  7 2024  
 241 IPTER     0.00  8 2024 12 2024  
 147 POTEF    28.02  8 2023          PROSPERIDADE
 147 FCMAX    99.92  8 2023  9 2023  
 147 TEIFT     0.00  8 2023  9 2023  
 147 FCMAX   100.00 10 2023          
 147 IPTER     9.68  1 2024  1 2024  
 147 IPTER     0.00  2 2024  4 2024  
 147 IPTER     6.45  5 2024  5 2024  
 147 IPTER     0.00  6 2024  9 2024  
 147 IPTER    25.81 10 2024 10 2024  
 147 IPTER    32.22 11 2024 11 2024  
 147 IPTER    17.20 12 2024 12 2024  
 170 POTEF   381.26  8 2023          SUAPE II
 170 TEIFT     0.00  8 2023  9 2023  
 221 POTEF    30.00  8 2023          SYKUE I
 221 FCMAX     0.00  8 2023          
  43 POTEF   185.90  8 2023          TERMOBAHIA
  43 FCMAX    85.48  8 2023  9 2023  
  43 TEIFT     0.00  8 2023  9 2023  
  43 FCMAX    85.50 10 2023          
 152 POTEF    49.73  8 2023          TERMOCABO
 152 FCMAX    99.95  8 2023  9 2023  
 152 TEIFT     0.00  8 2023  9 2023  
 152 FCMAX   100.00 10 2023          
  58 POTEF   223.00  8 2023          TERMOCEARA
  58 FCMAX    97.44  8 2023  9 2023  
  58 TEIFT     0.00  8 2023  9 2023  
  58 FCMAX    98.65 10 2023          
 159 POTEF   143.04  8 2023          TERMOMANAUS
 159 FCMAX    99.97  8 2023  9 2023  
 159 TEIFT     0.00  8 2023  9 2023  
 159 FCMAX   100.00 10 2023          
  67 POTEF   170.85  8 2023          TERMONE
  67 FCMAX    94.82  8 2023  9 2023  
  67 TEIFT     0.00  8 2023  9 2023  
  67 FCMAX    94.99 10 2023          
  69 POTEF   170.85  8 2023          TERMOPB
  69 FCMAX    94.82  8 2023  9 2023  
  69 TEIFT     0.00  8 2023  9 2023  
  69 FCMAX    95.00 10 2023          
  96 POTEF   532.76  8 2023  6 2026  TERMOPE
  96 FCMAX    99.99  8 2023  9 2023  
  96 TEIFT     0.00  8 2023  9 2023  
  96 GTMIN   303.71  8 2023  8 2023
  96 GTMIN 00348.70  9 2023 10 2023
  96 FCMAX   100.00 10 2023  4 2024  
  96 GTMIN   261.00 11 2023 11 2023
  96 GTMIN 00348.70 12 2023  4 2024
  96 FCMAX    48.39  5 2024  5 2024  
  96 GTMIN   168.77  5 2024  5 2024
  96 FCMAX     0.00  6 2024  6 2026  
  96 POTEF   550.00  7 2026          TERMOPE
  96 FCMAX   100.00  7 2026          
  96 IPTER     6.08  7 2026          
  96 TEIFT     1.37  7 2026          
  83 POTEF   367.90  8 2023          VALE DO ACU
  83 FCMAX    84.26  8 2023  9 2023  
  83 TEIFT     0.00  8 2023  9 2023  
  83 FCMAX    84.30 10 2023          
 201 POTEF   166.00  8 2023          APARECIDA
 201 FCMAX    95.18  8 2023  8 2023  
 201 TEIFT     0.00  8 2023  9 2023  
 201 GTMIN 00075.00  8 2023  6 2025
 201 FCMAX    97.08  9 2023  9 2023  
 201 FCMAX   100.00 10 2023          
 201 GTMIN 00075.00  7 2025  7 2025
 201 GTMIN 00075.00  8 2025  8 2025
 201 GTMIN 00075.00  9 2025  9 2025
 201 GTMIN 00075.00 10 2025 11 2025
 201 GTMIN 00075.00 12 2025 12 2025
 201 GTMIN 00075.00  1 2026  1 2026
 201 GTMIN    75.00  2 2026  2 2026
 201 GTMIN 00075.00  3 2026  3 2026
 201 GTMIN 00075.00  4 2026  4 2026
 201 GTMIN 00075.00  5 2026  5 2026
 201 GTMIN    75.00  6 2026  6 2026
 201 GTMIN 00075.00  7 2026  2 2027
 201 GTMIN 00075.00  3 2027  3 2027
 201 GTMIN 00075.00  4 2027  4 2027
 201 GTMIN 00075.00  5 2027  5 2027
 201 GTMIN    75.00  6 2027  6 2027
 201 GTMIN 00075.00  7 2027 
 260 POTEF   295.43  7 2026          AZULAO
 262 POTEF   295.43  1 2027          AZULAO II
 262 GTMIN 00097.21  1 2027  2 2027
 262 GTMIN 00097.21  2 2027  2 2027
 262 GTMIN    89.60  3 2027  3 2027
 262 GTMIN    97.21  5 2027  5 2027
 262 GTMIN 00277.76  6 2027 12 2027
 262 GTMIN 00277.76 12 2027 12 2027
 263 POTEF   295.43  1 2027          AZULAO IV
 263 GTMIN 00097.21  1 2027  2 2027
 263 GTMIN 00097.21  2 2027  2 2027
 263 GTMIN    89.60  3 2027  3 2027
 263 GTMIN    97.21  5 2027  5 2027
 263 GTMIN 00277.76  6 2027 12 2027
 263 GTMIN 00277.76 12 2027 12 2027
 322 POTEF    17.94 10 2025          BBF BALIZA
 322 FCMAX    92.75 10 2025          
 322 GTMIN 00006.66 10 2025  8 2027
 322 GTMIN 00006.66  9 2027 10 2027
 322 GTMIN 00006.66 11 2027 12 2027
 323 POTEF    10.00 10 2025          BONFIM
 323 GTMIN 00004.08 10 2025  8 2027
 323 GTMIN 00004.08  9 2027 10 2027
 323 GTMIN 00004.08 11 2027 12 2027
 203 POTEF    85.38  8 2023          C. ROCHA
 203 FCMAX    76.13  8 2023  9 2023  
 203 TEIFT     0.00  8 2023  9 2023  
 203 GTMIN 00064.99  8 2023  9 2023
 203 FCMAX   100.00 10 2023  5 2025  
 203 IPTER    20.72 10 2023  5 2025  
 203 GTMIN 00067.00 10 2023  5 2025
 203 FCMAX     0.00  6 2025          
 324 POTEF    10.00 10 2025          CANTA
 324 GTMIN 00004.08 10 2025  8 2027
 324 GTMIN 00004.08  9 2027 10 2027
 324 GTMIN 00004.08 11 2027 12 2027
  73 POTEF   165.87  8 2023          GERAMAR I
  73 FCMAX    95.98  8 2023  9 2023  
  73 TEIFT     0.00  8 2023  9 2023  
  73 FCMAX    96.00 10 2023          
  70 POTEF   165.87  8 2023          GERAMAR II
  70 FCMAX    95.98  8 2023  9 2023  
  70 TEIFT     0.00  8 2023  9 2023  
  70 FCMAX    96.00 10 2023          
 325 POTEF    56.95 10 2025          HF S JOAQUIM
 325 GTMIN 00025.71 10 2025  8 2027
 325 GTMIN 00025.71  9 2027  9 2027
 325 GTMIN 00025.71 10 2027 10 2027
 325 GTMIN 00025.71 11 2027 12 2027
 326 POTEF   140.83 10 2025          JAGUATIRI II
 326 GTMIN 00000.00 10 2025 10 2025
 326 GTMIN 00000.00 11 2025 11 2025
 326 GTMIN 00000.00 12 2025 12 2025
 326 GTMIN 00000.00  1 2026  1 2026
 326 GTMIN 00000.00  2 2026  2 2026
 326 GTMIN 00000.00  3 2026  3 2026
 326 GTMIN 00000.00  4 2026  4 2026
 326 GTMIN 00000.00  5 2026  5 2026
 326 GTMIN 00000.00  6 2026  6 2026
 326 GTMIN 00000.00  7 2026  7 2026
 326 GTMIN 00000.00  8 2026  8 2026
 326 GTMIN 00000.00  9 2026  9 2026
 326 GTMIN 00000.00 10 2026 10 2026
 326 GTMIN 00000.00 11 2026 11 2026
 326 GTMIN 00000.00 12 2026 12 2026
 326 GTMIN 00000.00  1 2027  1 2027
 326 GTMIN 00000.00  2 2027  2 2027
 326 GTMIN 00000.00  3 2027  3 2027
 326 GTMIN 00000.00  4 2027  4 2027
 326 GTMIN 00000.00  5 2027  5 2027
 326 GTMIN 00000.00  6 2027  6 2027
 326 GTMIN 00000.00  7 2027  7 2027
 326 GTMIN 00000.00  8 2027  8 2027
 326 GTMIN 00000.00  9 2027 10 2027
 326 GTMIN 00000.00 11 2027 11 2027
 326 GTMIN 00000.00 12 2027
 204 POTEF    75.48  8 2023          JARAQUI
 204 FCMAX    83.47  8 2023  9 2023  
 204 TEIFT     0.00  8 2023  9 2023  
 204 GTMIN 00062.99  8 2023  4 2025
 204 FCMAX    86.95 10 2023  4 2025  
 204 FCMAX     0.00  5 2025          
 327 POTEF    42.25 10 2025          M.CRISTO SUC
 327 FCMAX    96.49 10 2025          
 205 POTEF    73.40  8 2023          MANAUARA
 205 FCMAX    88.04  8 2023  8 2023  
 205 TEIFT     0.00  8 2023  9 2023  
 205 GTMIN    64.61  8 2023  8 2023
 205 FCMAX    87.19  9 2023  9 2023  
 205 GTMIN    63.99  9 2023  9 2023
 205 FCMAX   100.00 10 2023          
 205 IPTER     0.39 10 2023          
 205 GTMIN 00064.87 10 2023 
 264 POTEF   162.91  1 2027          MANAUS I
 264 GTMIN 00054.48  1 2027  3 2027
 264 GTMIN 00054.48  3 2027  3 2027
 264 GTMIN    50.28  5 2027  5 2027
 264 GTMIN 00155.65  6 2027 12 2027
 264 GTMIN 00155.65 12 2027 12 2027
 212 POTEF   518.80  8 2023          MARANHAO III
 212 FCMAX    97.68  8 2023  8 2023  
 212 TEIFT     0.00  8 2023  9 2023  
 212 GTMIN 00490.00  8 2023  9 2023
 212 FCMAX    97.67  9 2023  9 2023  
 212 FCMAX   100.00 10 2023          
 212 GTMIN 00483.00 10 2023 11 2023
 212 GTMIN 00483.84  6 2024 11 2024
 212 GTMIN 00483.00  6 2025 11 2025
 212 GTMIN 00483.00  6 2026 11 2026
 212 GTMIN 00483.00  6 2027 11 2027
  36 POTEF   337.60  8 2023          MARANHAO IV
  36 FCMAX    98.44  8 2023  8 2023  
  36 TEIFT     0.00  8 2023  9 2023  
  36 GTMIN     9.87  8 2023  8 2023
  36 FCMAX    98.46  9 2023  9 2023  
  36 FCMAX   100.00 10 2023          
  21 POTEF   337.60  8 2023          MARANHAO V
  21 FCMAX    98.44  8 2023  8 2023  
  21 TEIFT     0.00  8 2023  9 2023  
  21 GTMIN     9.87  8 2023  8 2023
  21 FCMAX    98.46  9 2023  9 2023  
  21 FCMAX   100.00 10 2023          
 140 POTEF   590.75  8 2023          MAUA 3
 140 FCMAX    94.89  8 2023  8 2023  
 140 TEIFT     0.00  8 2023  9 2023  
 140 GTMIN 00264.00  8 2023  9 2023
 140 FCMAX   100.00  9 2023  9 2023  
 140 FCMAX    98.69 10 2023          
 140 GTMIN 00264.00 10 2023 10 2023
 140 GTMIN 00264.00 11 2023 11 2023
 140 GTMIN   264.00 12 2023 12 2023
 140 GTMIN 00264.00  1 2024  1 2024
 140 GTMIN 00264.00  2 2024  9 2024
 140 GTMIN 00264.00 10 2024 10 2024
 140 GTMIN 00264.00 11 2024 11 2024
 140 GTMIN 00264.00 12 2024 12 2024
 140 GTMIN 00264.00  1 2025  1 2025
 140 GTMIN 00264.00  2 2025  2 2025
 140 GTMIN   264.00  3 2025  3 2025
 140 GTMIN 00264.00  4 2025  4 2025
 140 GTMIN 00264.00  5 2025  5 2025
 140 GTMIN 00264.00  6 2025  6 2025
 140 GTMIN 00264.00  7 2025  1 2026
 140 GTMIN   264.00  2 2026  2 2026
 140 GTMIN 00264.00  3 2026  5 2026
 140 GTMIN 00264.00  6 2026  6 2026
 140 GTMIN 00264.00  7 2026  5 2027
 140 GTMIN 00264.00  6 2027  6 2027
 140 GTMIN 00264.00  7 2027 
  46 POTEF   178.21  8 2023 12 2024  N.VENECIA 2
  46 FCMAX    98.07  8 2023  8 2023  
  46 TEIFT     0.00  8 2023  9 2023  
  46 GTMIN     4.03  8 2023  8 2023
  46 FCMAX    98.09  9 2023  9 2023  
  46 FCMAX    99.99 10 2023 12 2024  
  46 POTEF   270.47  1 2025          N.VENECIA 2
  46 FCMAX   100.00  1 2025          
  46 IPTER     6.44  1 2025          
  46 TEIFT     6.05  1 2025          
  46 GTMIN    79.85  6 2025  6 2025
  46 GTMIN 00081.09  7 2025 11 2025
  46 GTMIN    79.85  6 2026  6 2026
  46 GTMIN 00081.09  7 2026 11 2026
  46 GTMIN    79.85  6 2027  6 2027
  46 GTMIN 00081.09  7 2027 11 2027
 240 POTEF   604.52  8 2025          NT BARCARENA
 240 GTMIN 00580.83  8 2025 12 2025
 240 GTMIN 00580.83  7 2026 12 2026
 240 GTMIN 00580.83  7 2027 12 2027
 228 POTEF     5.54  1 2025          O. CANOAS 1
 228 GTMIN 00002.25  1 2025 12 2027
 328 POTEF    11.55 10 2025          PALMAPLAN 2
 328 GTMIN 00000.00  9 2027 10 2027
 116 POTEF    56.28  8 2023          PARNAIBA IV
 116 TEIFT     0.00  8 2023  9 2023  
 116 GTMIN     1.84  8 2023  8 2023
 116 IPTER     2.16  1 2026  6 2026  
 116 FCMAX    96.01  7 2026          
 116 IPTER     4.30  7 2026          
 116 TEIFT     5.50  7 2026          
 239 POTEF   385.75  8 2023          PARNAIBA V
 239 FCMAX    94.70  8 2023          
 239 TEIFT     0.00  8 2023  9 2023  
 239 GTMIN    11.86  8 2023  8 2023
 329 POTEF    10.00 10 2025          PAU RAINHA
 329 GTMIN 00004.08 10 2025  8 2027
 329 GTMIN 00004.08  9 2027 10 2027
 329 GTMIN 00004.08 11 2027 12 2027
 207 POTEF    73.40  8 2023          PONTA NEGRA
 207 FCMAX    87.19  8 2023  9 2023  
 207 TEIFT     0.00  8 2023  9 2023  
 207 GTMIN 00063.99  8 2023  9 2023
 207 FCMAX    89.92 10 2023          
 207 IPTER     0.53 10 2023          
 207 GTMIN 00064.00 10 2023 12 2027
 176 POTEF   360.14  8 2023          PORTO ITAQUI
 176 FCMAX   100.00  8 2023          
 176 TEIFT     0.00  8 2023  9 2023  
 330 POTEF    10.00 10 2025          SANTA LUZ
 330 GTMIN 00004.08 10 2025  8 2027
 330 GTMIN 00004.08  9 2027 10 2027
 330 GTMIN 00004.08 11 2027 12 2027
 209 POTEF    93.04  8 2023          TAMBAQUI
 209 FCMAX    67.71  8 2023  9 2023  
 209 TEIFT     0.00  8 2023  9 2023  
 209 GTMIN 00062.99  8 2023  4 2025
 209 FCMAX    70.54 10 2023  4 2025  
 209 FCMAX     0.00  5 2025          
