 NUMERO DE PATAMARES
 XX
  3
ANO   DURACAO MENSAL DOS PATAMARES DE CARGA
      JAN     FEV     MAR     ABR     MAI     JUN     JUL     AGO     SET     OUT     NOV     DEZ   
      X.XXXX  X.XXXX  X.XXXX  X.XXXX  X.XXXX  X.XXXX  X.XXXX  X.XXXX  X.XXXX  X.XXXX  X.XXXX  X.XXXX
2023  0.2661  0.2545  0.2782  0.2000  0.2070  0.2042  0.1976  0.2164  0.2222  0.2258  0.2500  0.2419
      0.2675  0.2649  0.2702  0.2667  0.3145  0.3125  0.3078  0.3212  0.2778  0.2796  0.2639  0.2621
      0.4664  0.4806  0.4516  0.5333  0.4785  0.4833  0.4946  0.4624  0.5000  0.4946  0.4861  0.4960
2024  0.2661  0.2586  0.2419  0.2444  0.1976  0.1944  0.2164  0.2070  0.2333  0.2473  0.2500  0.2540
      0.2675  0.2658  0.2621  0.2889  0.3078  0.3056  0.3212  0.3145  0.2833  0.2903  0.2639  0.2648
      0.4664  0.4756  0.4960  0.4667  0.4946  0.5000  0.4624  0.4785  0.4834  0.4624  0.4861  0.4812
2025  0.2661  0.2679  0.2419  0.2222  0.1976  0.1944  0.2164  0.1976  0.2444  0.2473  0.2500  0.2661
      0.2675  0.2679  0.2621  0.2778  0.3078  0.3056  0.3212  0.3078  0.2889  0.2903  0.2639  0.2675
      0.4664  0.4642  0.4960  0.5000  0.4946  0.5000  0.4624  0.4946  0.4667  0.4624  0.4861  0.4664
2026  0.2540  0.2545  0.2661  0.2222  0.1882  0.2042  0.2164  0.1976  0.2333  0.2258  0.2500  0.2661
      0.2648  0.2649  0.2675  0.2778  0.3011  0.3125  0.3212  0.3078  0.2833  0.2796  0.2639  0.2675
      0.4812  0.4806  0.4664  0.5000  0.5107  0.4833  0.4624  0.4946  0.4834  0.4946  0.4861  0.4664
2027  0.2419  0.2545  0.2661  0.2333  0.1882  0.2139  0.2070  0.2070  0.2333  0.2151  0.2500  0.2782
      0.2621  0.2649  0.2675  0.2833  0.3011  0.3194  0.3145  0.3145  0.2833  0.2742  0.2639  0.2702
      0.4960  0.4806  0.4664  0.4834  0.5107  0.4667  0.4785  0.4785  0.4834  0.5107  0.4861  0.4516
 SUBSISTEMA
 XXX
    ANO                       CARGA(P.U.DEMANDA MED.)
   XXXX X.XXXX X.XXXX X.XXXX X.XXXX X.XXXX X.XXXX X.XXXX X.XXXX X.XXXX X.XXXX X.XXXX X.XXXX
   1
   2023 1.1281 1.1217 1.1118 1.1405 1.1329 1.1396 1.1499 1.1356 1.1283 1.1345 1.1446 1.1312
        1.0754 1.0758 1.0691 1.0970 1.0911 1.0916 1.0960 1.0927 1.0950 1.0944 1.0849 1.0764
        0.8837 0.8938 0.8898 0.8988 0.8826 0.8818 0.8804 0.8721 0.8902 0.8852 0.8796 0.8956
   2024 1.1284 1.1208 1.1219 1.1242 1.1400 1.1528 1.1484 1.1428 1.1324 1.1264 1.1447 1.1299
        1.0737 1.0740 1.0701 1.0816 1.0874 1.0884 1.0824 1.0879 1.0903 1.0896 1.0846 1.0764
        0.8845 0.8930 0.9035 0.8844 0.8897 0.8866 0.8733 0.8804 0.8832 0.8761 0.8796 0.8894
   2025 1.1280 1.1206 1.1222 1.1338 1.1407 1.1532 1.1488 1.1492 1.1245 1.1229 1.1449 1.1259
        1.0733 1.0734 1.0703 1.0866 1.0867 1.0878 1.0812 1.0912 1.0850 1.0871 1.0842 1.0743
        0.8849 0.8881 0.9033 0.8924 0.8899 0.8868 0.8740 0.8836 0.8821 0.8795 0.8797 0.8856
   2026 1.1317 1.1224 1.1182 1.1347 1.1472 1.1484 1.1489 1.1513 1.1294 1.1312 1.1451 1.1250
        1.0738 1.0738 1.0683 1.0862 1.0898 1.0828 1.0803 1.0904 1.0868 1.0905 1.0839 1.0731
        0.8898 0.8945 0.8934 0.8923 0.8929 0.8838 0.8745 0.8833 0.8867 0.8889 0.8798 0.8868
   2027 1.1382 1.1226 1.1154 1.1300 1.1483 1.1469 1.1524 1.1497 1.1306 1.1374 1.1453 1.1213
        1.0754 1.0734 1.0663 1.0826 1.0895 1.0796 1.0820 1.0875 1.0858 1.0927 1.0835 1.0711
        0.8928 0.8947 0.8962 0.8888 0.8926 0.8782 0.8802 0.8777 0.8867 0.8924 0.8799 0.8828
   2
   2023 1.1591 1.1507 1.1515 1.1938 1.1790 1.1847 1.1930 1.1723 1.1819 1.1882 1.1761 1.1575
        1.1011 1.0956 1.0974 1.1360 1.1452 1.1436 1.1436 1.1439 1.1371 1.1287 1.1047 1.0899
        0.8512 0.8675 0.8484 0.8593 0.8271 0.8291 0.8335 0.8193 0.8430 0.8413 0.8526 0.8757
   2024 1.1587 1.1492 1.1667 1.1660 1.1940 1.2066 1.1889 1.1876 1.1872 1.1741 1.1764 1.1550
        1.0975 1.0915 1.0939 1.1141 1.1359 1.1383 1.1232 1.1330 1.1298 1.1215 1.1041 1.0912
        0.8535 0.8677 0.8691 0.8424 0.8379 0.8351 0.8260 0.8314 0.8335 0.8306 0.8528 0.8680
   2025 1.1580 1.1494 1.1668 1.1838 1.1950 1.2083 1.1890 1.1989 1.1733 1.1688 1.1766 1.1493
        1.0970 1.0922 1.0941 1.1201 1.1348 1.1379 1.1220 1.1376 1.1209 1.1174 1.1036 1.0895
        0.8542 0.8606 0.8689 0.8516 0.8382 0.8347 0.8268 0.8349 0.8344 0.8360 0.8529 0.8635
   2026 1.1647 1.1516 1.1625 1.1846 1.2075 1.1991 1.1893 1.2017 1.1826 1.1832 1.1768 1.1472
        1.0965 1.0907 1.0946 1.1197 1.1395 1.1308 1.1209 1.1367 1.1245 1.1223 1.1031 1.0880
        0.8599 0.8697 0.8530 0.8515 0.8413 0.8313 0.8274 0.8343 0.8389 0.8473 0.8531 0.8655
   2027 1.1742 1.1517 1.1540 1.1762 1.2094 1.1937 1.1958 1.1971 1.1837 1.1938 1.1770 1.1422
        1.0982 1.0902 1.0896 1.1156 1.1389 1.1262 1.1230 1.1324 1.1231 1.1265 1.1026 1.0864
        0.8632 0.8700 0.8607 0.8471 0.8410 0.8248 0.8345 0.8277 0.8391 0.8505 0.8532 0.8607
   3
   2023 1.0508 1.0512 1.0518 1.0626 1.0463 1.0522 1.0542 1.0459 1.0484 1.0471 1.0629 1.0537
        1.0708 1.0699 1.0698 1.0817 1.0822 1.0763 1.0755 1.0759 1.0863 1.0806 1.0688 1.0647
        0.9304 0.9344 0.9263 0.9357 0.9260 0.9286 0.9314 0.9257 0.9306 0.9329 0.9303 0.9396
   2024 1.0511 1.0512 1.0592 1.0537 1.0539 1.0628 1.0560 1.0540 1.0541 1.0435 1.0634 1.0536
        1.0694 1.0683 1.0674 1.0710 1.0761 1.0720 1.0658 1.0695 1.0817 1.0788 1.0680 1.0650
        0.9310 0.9340 0.9355 0.9279 0.9311 0.9315 0.9281 0.9310 0.9260 0.9273 0.9305 0.9359
   2025 1.0512 1.0510 1.0600 1.0616 1.0549 1.0635 1.0564 1.0587 1.0493 1.0416 1.0639 1.0511
        1.0684 1.0684 1.0670 1.0730 1.0750 1.0712 1.0646 1.0704 1.0779 1.0760 1.0672 1.0636
        0.9316 0.9311 0.9354 0.9321 0.9314 0.9318 0.9288 0.9328 0.9260 0.9300 0.9306 0.9344
   2026 1.0536 1.0527 1.0584 1.0616 1.0605 1.0612 1.0573 1.0606 1.0533 1.0469 1.0644 1.0511
        1.0679 1.0666 1.0657 1.0718 1.0761 1.0677 1.0630 1.0693 1.0776 1.0755 1.0664 1.0624
        0.9344 0.9354 0.9290 0.9327 0.9329 0.9304 0.9294 0.9327 0.9288 0.9359 0.9308 0.9351
   2027 1.0578 1.0530 1.0557 1.0587 1.0618 1.0611 1.0598 1.0603 1.0540 1.0514 1.0648 1.0492
        1.0684 1.0659 1.0634 1.0689 1.0752 1.0653 1.0630 1.0670 1.0762 1.0755 1.0656 1.0608
        0.9356 0.9356 0.9318 0.9313 0.9329 0.9273 0.9327 0.9299 0.9293 0.9378 0.9310 0.9333
   4
   2023 1.0390 1.0455 1.0418 1.0608 1.0455 1.0415 1.0398 1.0365 1.0489 1.0494 1.0463 1.0430
        1.0310 1.0316 1.0321 1.0423 1.0442 1.0422 1.0397 1.0418 1.0392 1.0381 1.0327 1.0266
        0.9599 0.9585 0.9551 0.9560 0.9513 0.9552 0.9594 0.9539 0.9565 0.9559 0.9584 0.9649
   2024 1.0389 1.0450 1.0476 1.0509 1.0488 1.0463 1.0370 1.0395 1.0506 1.0458 1.0464 1.0425
        1.0301 1.0297 1.0324 1.0343 1.0409 1.0411 1.0360 1.0379 1.0373 1.0365 1.0325 1.0269
        0.9606 0.9589 0.9596 0.9521 0.9551 0.9569 0.9577 0.9580 0.9537 0.9526 0.9585 0.9628
   2025 1.0388 1.0432 1.0476 1.0561 1.0492 1.0463 1.0369 1.0428 1.0464 1.0444 1.0464 1.0411
        1.0296 1.0300 1.0326 1.0365 1.0404 1.0408 1.0352 1.0387 1.0347 1.0343 1.0319 1.0254
        0.9608 0.9578 0.9595 0.9548 0.9552 0.9570 0.9583 0.9588 0.9542 0.9547 0.9588 0.9620
   2026 1.0401 1.0454 1.0439 1.0568 1.0534 1.0444 1.0372 1.0438 1.0492 1.0483 1.0464 1.0409
        1.0297 1.0292 1.0308 1.0359 1.0413 1.0381 1.0340 1.0376 1.0345 1.0351 1.0316 1.0247
        0.9625 0.9599 0.9573 0.9548 0.9560 0.9566 0.9590 0.9591 0.9561 0.9581 0.9590 0.9625
   2027 1.0425 1.0453 1.0439 1.0535 1.0537 1.0437 1.0389 1.0432 1.0503 1.0516 1.0465 1.0386
        1.0308 1.0289 1.0294 1.0338 1.0411 1.0367 1.0339 1.0368 1.0340 1.0358 1.0312 1.0232
        0.9630 0.9601 0.9581 0.9543 0.9560 0.9549 0.9609 0.9571 0.9558 0.9591 0.9591 0.9624
9999
 SUBSISTEMA
   A ->B
 XXX XXX
                             INTERCAMBIO(P.U.INTERC.MEDIO)
 X.XXXX X.XXXX X.XXXX X.XXXX X.XXXX X.XXXX X.XXXX X.XXXX X.XXXX X.XXXX X.XXXX X.XXXX
   1   2
   2023 1.0000 1.0000 1.0000 1.0000 1.0000 1.0000 1.0000 0.9801 0.9785 0.9624 0.9630 0.9623
        1.0000 1.0000 1.0000 1.0000 1.0000 1.0000 1.0000 0.9801 0.9785 0.9624 0.9630 0.9623
        1.0000 1.0000 1.0000 1.0000 1.0000 1.0000 1.0000 1.0231 1.0215 1.0384 1.0391 1.0383
   2024 0.9645 0.9638 0.9623 0.9806 0.9795 0.9793 0.9808 0.9801 0.9799 0.9808 0.9798 0.9800
        0.9645 0.9638 0.9623 0.9806 0.9795 0.9793 0.9808 0.9801 0.9799 0.9808 0.9798 0.9800
        1.0406 1.0399 1.0383 1.0222 1.0210 1.0207 1.0223 1.0217 1.0215 1.0223 1.0213 1.0215
   2025 0.9806 0.9807 0.9794 0.9793 0.9795 0.9793 0.9808 0.9795 0.9806 0.9808 0.9798 0.9806
        0.9806 0.9807 0.9794 0.9793 0.9795 0.9793 0.9808 0.9795 0.9806 0.9808 0.9798 0.9806
        1.0222 1.0223 1.0209 1.0207 1.0210 1.0207 1.0223 1.0210 1.0222 1.0223 1.0213 1.0222
   2026 0.9800 0.9800 0.9806 0.9793 0.9788 0.9799 1.0108 1.0115 1.0113 1.0115 1.0113 1.0109
        0.9800 0.9800 0.9806 0.9793 0.9788 0.9799 1.0108 1.0115 1.0113 1.0115 1.0113 1.0109
        1.0215 1.0216 1.0222 1.0207 1.0203 1.0215 0.9875 0.9882 0.9879 0.9882 0.9880 0.9876
   2027 1.0116 1.0112 1.0109 1.0113 1.0119 1.0109 1.0112 1.0112 1.0113 1.0498 1.0473 1.0438
        1.0116 1.0112 1.0109 1.0113 1.0119 1.0109 1.0112 1.0112 1.0113 1.0498 1.0473 1.0438
        0.9882 0.9879 0.9876 0.9879 0.9886 0.9876 0.9878 0.9878 0.9879 0.9523 0.9500 0.9468
   2   1
   2023 1.0000 1.0000 1.0000 1.0000 1.0000 1.0000 1.0000 0.9344 0.9086 0.8168 0.8195 0.8165
        1.0000 1.0000 1.0000 1.0000 1.0000 1.0000 1.0000 0.9453 0.9467 0.8285 0.8312 0.8282
        1.0000 1.0000 1.0000 1.0000 1.0000 1.0000 1.0000 1.0687 1.0702 1.1806 1.1845 1.1802
   2024 0.8254 0.8226 0.8165 0.8251 0.8165 0.8149 0.8261 0.8213 0.8201 0.8264 0.8195 0.8209
        0.8372 0.8344 0.8282 0.8369 0.8282 0.8266 0.8379 0.8330 0.8318 0.8382 0.8312 0.8327
        1.1930 1.1890 1.1802 1.1926 1.1802 1.1779 1.1940 1.1871 1.1854 1.1945 1.1845 1.1866
   2025 0.8254 0.8260 0.8165 0.8152 0.8165 0.8149 0.8261 0.8165 0.8251 0.8264 0.8195 0.8254
        0.8372 0.8379 0.8282 0.8269 0.8282 0.8266 0.8379 0.8282 0.8369 0.8382 0.8312 0.8372
        1.1930 1.1940 1.1802 1.1783 1.1802 1.1779 1.1940 1.1802 1.1926 1.1945 1.1845 1.1930
   2026 0.8209 0.8211 0.8254 0.8152 0.8118 0.8198 0.8311 0.8217 0.8252 0.8220 0.8246 0.8304
        0.8327 0.8329 0.8372 0.8269 0.8234 0.8316 0.8425 0.8331 0.8366 0.8333 0.8360 0.8419
        1.1866 1.1869 1.1930 1.1783 1.1734 1.1850 1.1884 1.1751 1.1801 1.1755 1.1792 1.1875
   2027 0.8217 0.8262 0.8304 0.8252 0.8171 0.8298 0.8264 0.8264 0.8252 0.8174 0.8246 0.8348
        0.8331 0.8376 0.8419 0.8366 0.8284 0.8413 0.8378 0.8378 0.8366 0.8287 0.8360 0.8463
        1.1751 1.1815 1.1875 1.1801 1.1685 1.1866 1.1817 1.1817 1.1801 1.1689 1.1792 1.1938
   1  11
   2023 1.0000 1.0000 1.0000 1.0000 1.0000 1.0000 1.0000 1.0000 1.0000 1.0000 1.0000 1.0000
        1.0000 1.0000 1.0000 1.0000 1.0000 1.0000 1.0000 1.0000 1.0000 1.0000 1.0000 1.0000
        1.0000 1.0000 1.0000 1.0000 1.0000 1.0000 1.0000 1.0000 1.0000 1.0000 1.0000 1.0000
   2024 1.0000 1.0000 1.0000 1.0000 1.0000 1.0000 1.0000 1.0000 1.0000 1.0000 1.0000 1.0000
        1.0000 1.0000 1.0000 1.0000 1.0000 1.0000 1.0000 1.0000 1.0000 1.0000 1.0000 1.0000
        1.0000 1.0000 1.0000 1.0000 1.0000 1.0000 1.0000 1.0000 1.0000 1.0000 1.0000 1.0000
   2025 1.0000 1.0000 1.0000 1.0000 1.0000 1.0000 1.0000 1.0000 1.0000 1.0000 1.0000 1.0000
        1.0000 1.0000 1.0000 1.0000 1.0000 1.0000 1.0000 1.0000 1.0000 1.0000 1.0000 1.0000
        1.0000 1.0000 1.0000 1.0000 1.0000 1.0000 1.0000 1.0000 1.0000 1.0000 1.0000 1.0000
   2026 1.0000 1.0000 1.0000 1.0000 1.0000 1.0000 1.0000 1.0000 1.0000 1.0000 1.0000 1.0000
        1.0000 1.0000 1.0000 1.0000 1.0000 1.0000 1.0000 1.0000 1.0000 1.0000 1.0000 1.0000
        1.0000 1.0000 1.0000 1.0000 1.0000 1.0000 1.0000 1.0000 1.0000 1.0000 1.0000 1.0000
   2027 1.0000 1.0000 1.0000 1.0000 1.0000 1.0000 1.0000 1.0000 1.0000 1.0000 1.0000 1.0000
        1.0000 1.0000 1.0000 1.0000 1.0000 1.0000 1.0000 1.0000 1.0000 1.0000 1.0000 1.0000
        1.0000 1.0000 1.0000 1.0000 1.0000 1.0000 1.0000 1.0000 1.0000 1.0000 1.0000 1.0000
  11   1
   2023 1.0000 1.0000 1.0000 1.0000 1.0000 1.0000 1.0000 1.0207 1.0224 1.0204 1.0218 1.0222
        1.0000 1.0000 1.0000 1.0000 1.0000 1.0000 1.0000 1.0207 1.0224 1.0204 1.0218 1.0222
        1.0000 1.0000 1.0000 1.0000 1.0000 1.0000 1.0000 0.9759 0.9776 0.9792 0.9770 0.9774
   2024 1.0209 1.0213 1.0222 1.0209 1.0204 1.0206 1.0190 1.0197 1.0199 1.0190 1.0218 1.0216
        1.0209 1.0213 1.0222 1.0209 1.0204 1.0206 1.0190 1.0197 1.0199 1.0190 1.0218 1.0216
        0.9761 0.9765 0.9774 0.9761 0.9792 0.9794 0.9779 0.9786 0.9788 0.9779 0.9770 0.9767
   2025 1.0209 1.0208 1.0222 1.0224 1.0204 1.0206 1.0190 1.0204 1.0192 1.0190 1.0218 1.0209
        1.0209 1.0208 1.0222 1.0224 1.0204 1.0206 1.0190 1.0204 1.0192 1.0190 1.0218 1.0209
        0.9761 0.9760 0.9774 0.9776 0.9792 0.9794 0.9779 0.9792 0.9781 0.9779 0.9770 0.9761
   2026 1.0216 1.0215 1.0209 1.0224 1.0210 1.0199 1.0190 1.0204 1.0199 1.0204 1.0218 1.0209
        1.0216 1.0215 1.0209 1.0224 1.0210 1.0199 1.0190 1.0204 1.0199 1.0204 1.0218 1.0209
        0.9767 0.9767 0.9761 0.9776 0.9799 0.9787 0.9779 0.9792 0.9788 0.9792 0.9770 0.9761
   2027 1.0222 1.0215 1.0209 1.0217 1.0210 1.0192 1.0197 1.0197 1.0199 1.0210 1.0218 1.0202
        1.0222 1.0215 1.0209 1.0217 1.0210 1.0192 1.0197 1.0197 1.0199 1.0210 1.0218 1.0202
        0.9774 0.9767 0.9761 0.9768 0.9799 0.9781 0.9786 0.9786 0.9788 0.9799 0.9770 0.9755
   3  11
   2023 1.0000 1.0000 1.0000 1.0000 1.0000 1.0000 1.0000 1.0000 1.0000 1.0000 1.0000 1.0000
        1.0000 1.0000 1.0000 1.0000 1.0000 1.0000 1.0000 1.0000 1.0000 1.0000 1.0000 1.0000
        1.0000 1.0000 1.0000 1.0000 1.0000 1.0000 1.0000 1.0000 1.0000 1.0000 1.0000 1.0000
   2024 1.0000 1.0000 1.0000 1.0000 1.0000 1.0239 1.0232 1.0235 1.0227 1.0223 1.0222 1.0221
        1.0000 1.0000 1.0000 1.0000 1.0000 0.9942 0.9936 0.9939 0.9931 0.9927 0.9926 0.9925
        1.0000 1.0000 1.0000 1.0000 1.0000 0.9942 0.9936 0.9939 0.9931 0.9927 0.9926 0.9925
   2025 1.0217 1.0217 1.0225 1.0231 1.0238 1.0239 1.0232 1.0238 1.0224 1.0223 1.0222 1.0217
        0.9921 0.9921 0.9928 0.9934 0.9941 0.9942 0.9936 0.9941 0.9928 0.9927 0.9926 0.9921
        0.9921 0.9921 0.9928 0.9934 0.9941 0.9942 0.9936 0.9941 0.9928 0.9927 0.9926 0.9921
   2026 1.0221 1.0221 1.0217 1.0000 1.0000 1.0000 1.0000 1.0000 1.0000 1.0000 1.0000 1.0000
        0.9925 0.9925 0.9921 1.0000 1.0000 1.0000 1.0000 1.0000 1.0000 1.0000 1.0000 1.0000
        0.9925 0.9925 0.9921 1.0000 1.0000 1.0000 1.0000 1.0000 1.0000 1.0000 1.0000 1.0000
   2027 1.0000 1.0000 1.0000 1.0000 1.0000 1.0000 1.0000 1.0000 1.0000 1.0000 1.0000 1.0000
        1.0000 1.0000 1.0000 1.0000 1.0000 1.0000 1.0000 1.0000 1.0000 1.0000 1.0000 1.0000
        1.0000 1.0000 1.0000 1.0000 1.0000 1.0000 1.0000 1.0000 1.0000 1.0000 1.0000 1.0000
  11   3
   2023 1.0000 1.0000 1.0000 1.0000 1.0000 1.0000 1.0000 1.0000 1.0000 1.0000 1.0000 1.0000
        1.0000 1.0000 1.0000 1.0000 1.0000 1.0000 1.0000 1.0000 1.0000 1.0000 1.0000 1.0000
        1.0000 1.0000 1.0000 1.0000 1.0000 1.0000 1.0000 1.0000 1.0000 1.0000 1.0000 1.0000
   2024 1.0000 1.0000 1.0000 1.0000 1.0000 1.0000 1.0000 1.0000 1.0000 1.0000 1.0000 1.0000
        1.0000 1.0000 1.0000 1.0000 1.0000 1.0000 1.0000 1.0000 1.0000 1.0000 1.0000 1.0000
        1.0000 1.0000 1.0000 1.0000 1.0000 1.0000 1.0000 1.0000 1.0000 1.0000 1.0000 1.0000
   2025 1.0000 1.0000 1.0000 1.0000 1.0000 1.0000 1.0000 1.0000 1.0000 1.0000 1.0000 1.0000
        1.0000 1.0000 1.0000 1.0000 1.0000 1.0000 1.0000 1.0000 1.0000 1.0000 1.0000 1.0000
        1.0000 1.0000 1.0000 1.0000 1.0000 1.0000 1.0000 1.0000 1.0000 1.0000 1.0000 1.0000
   2026 1.0000 1.0000 1.0000 1.0000 1.0000 1.0000 1.0000 1.0000 1.0000 1.0000 1.0000 1.0000
        1.0000 1.0000 1.0000 1.0000 1.0000 1.0000 1.0000 1.0000 1.0000 1.0000 1.0000 1.0000
        1.0000 1.0000 1.0000 1.0000 1.0000 1.0000 1.0000 1.0000 1.0000 1.0000 1.0000 1.0000
   2027 1.0000 1.0000 1.0000 1.0000 1.0000 1.0000 1.0000 1.0000 1.0000 1.0000 1.0000 1.0000
        1.0000 1.0000 1.0000 1.0000 1.0000 1.0000 1.0000 1.0000 1.0000 1.0000 1.0000 1.0000
        1.0000 1.0000 1.0000 1.0000 1.0000 1.0000 1.0000 1.0000 1.0000 1.0000 1.0000 1.0000
   4  11
   2023 1.0000 1.0000 1.0000 1.0000 1.0000 1.0000 1.0000 1.0000 1.0000 1.0000 1.0000 1.0000
        1.0000 1.0000 1.0000 1.0000 1.0000 1.0000 1.0000 1.0000 1.0000 1.0000 1.0000 1.0000
        1.0000 1.0000 1.0000 1.0000 1.0000 1.0000 1.0000 1.0000 1.0000 1.0000 1.0000 1.0000
   2024 1.0000 1.0000 1.0000 1.0000 1.0000 1.0000 1.0000 1.0000 1.0000 1.0000 1.0000 1.0000
        1.0000 1.0000 1.0000 1.0000 1.0000 1.0000 1.0000 1.0000 1.0000 1.0000 1.0000 1.0000
        1.0000 1.0000 1.0000 1.0000 1.0000 1.0000 1.0000 1.0000 1.0000 1.0000 1.0000 1.0000
   2025 1.0000 1.0000 1.0000 1.0000 1.0000 1.0000 1.0000 1.0000 1.0000 1.0000 1.0000 1.0000
        1.0000 1.0000 1.0000 1.0000 1.0000 1.0000 1.0000 1.0000 1.0000 1.0000 1.0000 1.0000
        1.0000 1.0000 1.0000 1.0000 1.0000 1.0000 1.0000 1.0000 1.0000 1.0000 1.0000 1.0000
   2026 1.0000 1.0000 1.0000 1.0000 1.0000 1.0000 1.0000 1.0000 1.0000 1.0000 1.0000 1.0000
        1.0000 1.0000 1.0000 1.0000 1.0000 1.0000 1.0000 1.0000 1.0000 1.0000 1.0000 1.0000
        1.0000 1.0000 1.0000 1.0000 1.0000 1.0000 1.0000 1.0000 1.0000 1.0000 1.0000 1.0000
   2027 1.0000 1.0000 1.0000 1.0000 1.0000 1.0000 1.0000 1.0000 1.0000 1.0000 1.0000 1.0000
        1.0000 1.0000 1.0000 1.0000 1.0000 1.0000 1.0000 1.0000 1.0000 1.0000 1.0000 1.0000
        1.0000 1.0000 1.0000 1.0000 1.0000 1.0000 1.0000 1.0000 1.0000 1.0000 1.0000 1.0000
  11   4
   2023 1.0000 1.0000 1.0000 1.0000 1.0000 1.0000 1.0000 1.0000 1.0000 1.0000 1.0000 1.0000
        1.0000 1.0000 1.0000 1.0000 1.0000 1.0000 1.0000 1.0000 1.0000 1.0000 1.0000 1.0000
        1.0000 1.0000 1.0000 1.0000 1.0000 1.0000 1.0000 1.0000 1.0000 1.0000 1.0000 1.0000
   2024 1.0000 1.0000 1.0000 1.0000 1.0000 1.0000 1.0000 1.0000 1.0000 1.0000 1.0000 1.0000
        1.0000 1.0000 1.0000 1.0000 1.0000 1.0000 1.0000 1.0000 1.0000 1.0000 1.0000 1.0000
        1.0000 1.0000 1.0000 1.0000 1.0000 1.0000 1.0000 1.0000 1.0000 1.0000 1.0000 1.0000
   2025 1.0000 1.0000 1.0000 1.0000 1.0000 1.0000 1.0000 1.0000 1.0000 1.0000 1.0000 1.0000
        1.0000 1.0000 1.0000 1.0000 1.0000 1.0000 1.0000 1.0000 1.0000 1.0000 1.0000 1.0000
        1.0000 1.0000 1.0000 1.0000 1.0000 1.0000 1.0000 1.0000 1.0000 1.0000 1.0000 1.0000
   2026 1.0000 1.0000 1.0000 1.0000 1.0000 1.0000 1.0000 1.0000 1.0000 1.0000 1.0000 1.0000
        1.0000 1.0000 1.0000 1.0000 1.0000 1.0000 1.0000 1.0000 1.0000 1.0000 1.0000 1.0000
        1.0000 1.0000 1.0000 1.0000 1.0000 1.0000 1.0000 1.0000 1.0000 1.0000 1.0000 1.0000
   2027 1.0000 1.0000 1.0000 1.0000 1.0000 1.0000 1.0000 1.0000 1.0000 1.0000 1.0000 1.0000
        1.0000 1.0000 1.0000 1.0000 1.0000 1.0000 1.0000 1.0000 1.0000 1.0000 1.0000 1.0000
        1.0000 1.0000 1.0000 1.0000 1.0000 1.0000 1.0000 1.0000 1.0000 1.0000 1.0000 1.0000
   1   3
   2023 1.0000 1.0000 1.0000 1.0000 1.0000 1.0000 1.0000 1.0000 1.0000 1.0000 1.0000 1.0000
        1.0000 1.0000 1.0000 1.0000 1.0000 1.0000 1.0000 1.0000 1.0000 1.0000 1.0000 1.0000
        1.0000 1.0000 1.0000 1.0000 1.0000 1.0000 1.0000 1.0000 1.0000 1.0000 1.0000 1.0000
   2024 1.0000 1.0000 1.0000 1.0000 1.0000 1.0000 1.0000 1.0000 1.0000 1.0000 1.0000 1.0000
        1.0000 1.0000 1.0000 1.0000 1.0000 1.0000 1.0000 1.0000 1.0000 1.0000 1.0000 1.0000
        1.0000 1.0000 1.0000 1.0000 1.0000 1.0000 1.0000 1.0000 1.0000 1.0000 1.0000 1.0000
   2025 1.0000 1.0000 1.0000 1.0000 1.0000 1.0000 1.0000 1.0000 1.0000 1.0000 1.0000 1.0000
        1.0000 1.0000 1.0000 1.0000 1.0000 1.0000 1.0000 1.0000 1.0000 1.0000 1.0000 1.0000
        1.0000 1.0000 1.0000 1.0000 1.0000 1.0000 1.0000 1.0000 1.0000 1.0000 1.0000 1.0000
   2026 1.0000 1.0000 1.0000 1.0000 1.0000 1.0000 1.0000 1.0000 1.0000 1.0000 1.0000 1.0000
        1.0000 1.0000 1.0000 1.0000 1.0000 1.0000 1.0000 1.0000 1.0000 1.0000 1.0000 1.0000
        1.0000 1.0000 1.0000 1.0000 1.0000 1.0000 1.0000 1.0000 1.0000 1.0000 1.0000 1.0000
   2027 1.0000 1.0000 1.0000 1.0000 1.0000 1.0000 1.0000 1.0000 1.0000 1.0000 1.0000 1.0000
        1.0000 1.0000 1.0000 1.0000 1.0000 1.0000 1.0000 1.0000 1.0000 1.0000 1.0000 1.0000
        1.0000 1.0000 1.0000 1.0000 1.0000 1.0000 1.0000 1.0000 1.0000 1.0000 1.0000 1.0000
   3   1
   2023 1.0000 1.0000 1.0000 1.0000 1.0000 1.0000 1.0000 1.0000 1.0000 1.0000 1.0000 1.0000
        1.0000 1.0000 1.0000 1.0000 1.0000 1.0000 1.0000 1.0000 1.0000 1.0000 1.0000 1.0000
        1.0000 1.0000 1.0000 1.0000 1.0000 1.0000 1.0000 1.0000 1.0000 1.0000 1.0000 1.0000
   2024 1.0000 1.0000 1.0000 1.0000 1.0000 1.0404 1.0392 1.0397 1.0384 1.0376 1.0375 1.0373
        1.0000 1.0000 1.0000 1.0000 1.0000 0.9903 0.9892 0.9896 0.9883 0.9876 0.9875 0.9873
        1.0000 1.0000 1.0000 1.0000 1.0000 0.9903 0.9892 0.9896 0.9883 0.9876 0.9875 0.9873
   2025 1.0367 1.0366 1.0379 1.0389 1.0402 1.0404 1.0392 1.0402 1.0378 1.0376 1.0375 1.0367
        0.9867 0.9866 0.9879 0.9889 0.9901 0.9903 0.9892 0.9901 0.9878 0.9876 0.9875 0.9867
        0.9867 0.9866 0.9879 0.9889 0.9901 0.9903 0.9892 0.9901 0.9878 0.9876 0.9875 0.9867
   2026 1.0373 1.0373 1.0367 1.0061 1.0067 1.0069 1.0071 1.0068 1.0063 1.0062 1.0058 1.0059
        0.9873 0.9873 0.9867 0.9840 0.9845 0.9848 0.9850 0.9847 0.9841 0.9841 0.9837 0.9838
        0.9873 0.9873 0.9867 1.0061 1.0067 1.0069 1.0071 1.0068 1.0063 1.0062 1.0058 1.0059
   2027 1.0058 1.0059 1.0059 1.0063 1.0067 1.0071 1.0070 1.0070 1.0063 1.0057 1.0055 1.0056
        0.9837 0.9837 0.9838 0.9841 0.9845 0.9849 0.9848 0.9848 0.9841 0.9849 0.9847 0.9849
        1.0058 1.0059 1.0059 1.0063 1.0067 1.0071 1.0070 1.0070 1.0063 1.0057 1.0055 1.0056
   1   4
   2023 1.0000 1.0000 1.0000 1.0000 1.0000 1.0000 1.0000 1.9317 1.2537 1.0000 1.0000 1.0000
        1.0000 1.0000 1.0000 1.0000 1.0000 1.0000 1.0000 1.1498 1.2537 1.0000 1.0000 1.0000
        1.0000 1.0000 1.0000 1.0000 1.0000 1.0000 1.0000 0.4599 0.7463 1.0000 1.0000 1.0000
   2024 1.0000 1.0000 1.0000 1.0000 1.0000 1.0000 1.0000 1.0000 1.0000 1.0000 1.0000 1.0000
        1.0000 1.0000 1.0000 1.0000 1.0000 1.0000 1.0000 1.0000 1.0000 1.0000 1.0000 1.0000
        1.0000 1.0000 1.0000 1.0000 1.0000 1.0000 1.0000 1.0000 1.0000 1.0000 1.0000 1.0000
   2025 1.0000 1.0000 1.0000 1.0000 1.0000 1.0000 1.0000 1.0000 1.0000 1.0000 1.0000 1.0000
        1.0000 1.0000 1.0000 1.0000 1.0000 1.0000 1.0000 1.0000 1.0000 1.0000 1.0000 1.0000
        1.0000 1.0000 1.0000 1.0000 1.0000 1.0000 1.0000 1.0000 1.0000 1.0000 1.0000 1.0000
   2026 1.0000 1.0000 1.0000 1.0000 1.0000 1.0000 1.0000 1.0000 1.0000 1.0000 1.0000 1.0000
        1.0000 1.0000 1.0000 1.0000 1.0000 1.0000 1.0000 1.0000 1.0000 1.0000 1.0000 1.0000
        1.0000 1.0000 1.0000 1.0000 1.0000 1.0000 1.0000 1.0000 1.0000 1.0000 1.0000 1.0000
   2027 1.0000 1.0000 1.0000 1.0000 1.0000 1.0000 1.0000 1.0000 1.0000 1.0000 1.0000 1.0000
        1.0000 1.0000 1.0000 1.0000 1.0000 1.0000 1.0000 1.0000 1.0000 1.0000 1.0000 1.0000
        1.0000 1.0000 1.0000 1.0000 1.0000 1.0000 1.0000 1.0000 1.0000 1.0000 1.0000 1.0000
   4   1
   2023 1.0000 1.0000 1.0000 1.0000 1.0000 1.0000 1.0000 1.3062 1.2298 1.0690 1.0566 1.0497
        1.0000 1.0000 1.0000 1.0000 1.0000 1.0000 1.0000 0.9797 1.0062 0.9799 0.9811 0.9841
        1.0000 1.0000 1.0000 1.0000 1.0000 1.0000 1.0000 0.8708 0.8944 0.9799 0.9811 0.9841
   2024 1.0000 1.0000 1.0000 1.0000 1.0000 1.0000 1.0593 1.0708 1.0683 1.0669 1.0566 1.0489
        1.0000 1.0000 1.0000 1.0000 1.0000 1.0000 0.9836 0.9815 0.9792 0.9780 0.9811 0.9833
        1.0000 1.0000 1.0000 1.0000 1.0000 1.0000 0.9836 0.9815 0.9792 0.9780 0.9811 0.9833
   2025 1.0000 1.0000 1.0000 1.0000 1.0000 1.0000 1.0593 1.0717 1.0672 1.0669 1.0566 1.0481
        1.0000 1.0000 1.0000 1.0000 1.0000 1.0000 0.9836 0.9824 0.9783 0.9780 0.9811 0.9826
        1.0000 1.0000 1.0000 1.0000 1.0000 1.0000 0.9836 0.9824 0.9783 0.9780 0.9811 0.9826
   2026 1.0000 1.0000 1.0000 1.0000 1.0000 1.0000 1.0593 1.0717 1.0683 1.0690 1.0566 1.0481
        1.0000 1.0000 1.0000 1.0000 1.0000 1.0000 0.9836 0.9824 0.9792 0.9799 0.9811 0.9826
        1.0000 1.0000 1.0000 1.0000 1.0000 1.0000 0.9836 0.9824 0.9792 0.9799 0.9811 0.9826
   2027 1.0000 1.0000 1.0000 1.0000 1.0000 1.0000 1.0600 1.0708 1.0683 1.0700 1.0566 1.0472
        1.0000 1.0000 1.0000 1.0000 1.0000 1.0000 0.9843 0.9815 0.9792 0.9808 0.9811 0.9818
        1.0000 1.0000 1.0000 1.0000 1.0000 1.0000 0.9843 0.9815 0.9792 0.9808 0.9811 0.9818
9999
 SBM  BLOCO
 XXX XXX
    ANO                 BLOCO DE USINAS NAO SIMULADAS (P.U. MONTANTE MED.)
   XXXX X.XXXX X.XXXX X.XXXX X.XXXX X.XXXX X.XXXX X.XXXX X.XXXX X.XXXX X.XXXX X.XXXX X.XXXX
   1  1
   2023 1.0000 1.0000 1.0000 1.0000 1.0000 1.0000 1.0000 1.0348 1.0329 1.0226 1.0046 1.0051
        1.0000 1.0000 1.0000 1.0000 1.0000 1.0000 1.0000 1.0005 1.0034 1.0010 0.9996 0.9999
        1.0000 1.0000 1.0000 1.0000 1.0000 1.0000 1.0000 0.9834 0.9835 0.9891 0.9978 0.9976
   2024 1.0038 1.0010 1.0012 1.0044 1.0169 1.0287 1.0366 1.0354 1.0322 1.0218 1.0047 1.0050
        1.0013 0.9998 0.9982 0.9996 1.0022 1.0032 1.0015 1.0011 1.0028 1.0002 0.9997 0.9998
        0.9971 0.9996 1.0004 0.9979 0.9919 0.9869 0.9819 0.9840 0.9829 0.9882 0.9978 0.9975
   2025 1.0038 1.0011 1.0013 1.0046 1.0169 1.0286 1.0365 1.0359 1.0315 1.0217 1.0047 1.0050
        1.0013 0.9998 0.9983 0.9998 1.0022 1.0033 1.0015 1.0018 1.0022 1.0003 0.9997 0.9997
        0.9970 0.9995 1.0003 0.9981 0.9919 0.9869 0.9819 0.9846 0.9822 0.9882 0.9977 0.9973
   2026 1.0040 1.0011 1.0013 1.0046 1.0172 1.0280 1.0364 1.0358 1.0321 1.0226 1.0047 1.0050
        1.0015 0.9998 0.9983 0.9998 1.0026 1.0028 1.0016 1.0018 1.0029 1.0012 0.9997 0.9997
        0.9971 0.9995 1.0003 0.9981 0.9922 0.9864 0.9819 0.9846 0.9828 0.9890 0.9977 0.9973
   2027 1.0042 1.0012 1.0013 1.0046 1.0171 1.0274 1.0370 1.0351 1.0321 1.0230 1.0048 1.0050
        1.0016 0.9999 0.9983 0.9997 1.0026 1.0023 1.0023 1.0013 1.0030 1.0017 0.9998 0.9997
        0.9971 0.9994 1.0002 0.9980 0.9922 0.9859 0.9825 0.9840 0.9828 0.9894 0.9977 0.9971
   1  2
   2023 1.0000 1.0000 1.0000 1.0000 1.0000 1.0000 1.0000 0.9882 0.9675 0.9864 0.9844 0.9957
        1.0000 1.0000 1.0000 1.0000 1.0000 1.0000 1.0000 0.9901 0.9843 0.9940 0.9948 0.9934
        1.0000 1.0000 1.0000 1.0000 1.0000 1.0000 1.0000 1.0124 1.0232 1.0096 1.0109 1.0056
   2024 0.9873 0.9802 0.9900 1.0005 1.0034 0.9914 0.9933 0.9878 0.9686 0.9871 0.9841 0.9961
        0.9914 0.9912 0.9996 0.9957 0.9942 0.9906 0.9923 0.9897 0.9852 0.9946 0.9947 0.9934
        1.0122 1.0157 1.0051 1.0024 1.0023 1.0091 1.0084 1.0120 1.0238 1.0103 1.0111 1.0057
   2025 0.9874 0.9815 0.9902 1.0004 1.0036 0.9915 0.9933 0.9874 0.9694 0.9871 0.9840 0.9963
        0.9904 0.9905 0.9993 0.9955 0.9941 0.9907 0.9923 0.9894 0.9861 0.9946 0.9946 0.9935
        1.0127 1.0162 1.0052 1.0023 1.0023 1.0090 1.0085 1.0116 1.0246 1.0103 1.0111 1.0059
   2026 0.9871 0.9811 0.9906 1.0004 1.0035 0.9918 0.9933 0.9874 0.9687 0.9864 0.9840 0.9963
        0.9897 0.9898 0.9996 0.9955 0.9940 0.9909 0.9923 0.9894 0.9853 0.9939 0.9946 0.9935
        1.0125 1.0156 1.0056 1.0024 1.0022 1.0093 1.0085 1.0116 1.0238 1.0096 1.0112 1.0059
   2027 0.9868 0.9812 0.9906 1.0004 1.0035 0.9921 0.9931 0.9878 0.9687 0.9861 0.9840 0.9964
        0.9892 0.9897 0.9996 0.9955 0.9940 0.9912 0.9920 0.9897 0.9853 0.9936 0.9946 0.9936
        1.0121 1.0156 1.0056 1.0024 1.0022 1.0096 1.0082 1.0120 1.0237 1.0093 1.0112 1.0060
   1  3
   2023 1.0000 1.0000 1.0000 1.0000 1.0000 1.0000 1.0000 1.3934 1.4257 1.2782 1.3063 1.3999
        1.0000 1.0000 1.0000 1.0000 1.0000 1.0000 1.0000 0.9793 0.9652 0.9711 0.9628 0.9713
        1.0000 1.0000 1.0000 1.0000 1.0000 1.0000 1.0000 0.8303 0.8301 0.8894 0.8627 0.8201
   2024 1.4132 1.3518 1.6371 1.4167 1.4219 1.5134 1.5181 1.4022 1.4153 1.2665 1.3063 1.3896
        0.9326 0.9045 0.8970 0.8776 0.9416 0.9266 0.9307 0.9855 0.9582 0.9622 0.9628 0.9641
        0.8029 0.8620 0.7437 0.8575 0.8678 0.8452 0.8057 0.8356 0.8241 0.8812 0.8627 0.8141
   2025 1.4132 1.3456 1.6371 1.4348 1.4219 1.5134 1.5181 1.4112 1.4050 1.2665 1.3063 1.3794
        0.9326 0.9004 0.8970 0.8889 0.9416 0.9266 0.9307 0.9917 0.9512 0.9622 0.9628 0.9571
        0.8029 0.8581 0.7437 0.8685 0.8678 0.8452 0.8057 0.8409 0.8181 0.8812 0.8627 0.8081
   2026 1.4242 1.3546 1.6011 1.4348 1.4301 1.5028 1.5181 1.4112 1.4153 1.2782 1.3063 1.3794
        0.9399 0.9064 0.8773 0.8889 0.9470 0.9200 0.9307 0.9917 0.9582 0.9711 0.9628 0.9571
        0.8092 0.8638 0.7274 0.8685 0.8728 0.8393 0.8057 0.8409 0.8241 0.8894 0.8627 0.8081
   2027 1.4354 1.3546 1.6011 1.4257 1.4301 1.4923 1.5296 1.4022 1.4153 1.2841 1.3063 1.3694
        0.9473 0.9064 0.8773 0.8832 0.9470 0.9137 0.9378 0.9855 0.9582 0.9756 0.9628 0.9501
        0.8155 0.8638 0.7274 0.8630 0.8728 0.8335 0.8118 0.8356 0.8241 0.8935 0.8627 0.8023
   1  4
   2023 1.0000 1.0000 1.0000 1.0000 1.0000 1.0000 1.0000 0.5795 0.7751 0.7746 0.9622 1.0235
        1.0000 1.0000 1.0000 1.0000 1.0000 1.0000 1.0000 1.7846 1.6267 1.5652 1.3572 1.4232
        1.0000 1.0000 1.0000 1.0000 1.0000 1.0000 1.0000 0.6518 0.7517 0.7834 0.8255 0.7649
   2024 1.1504 1.1468 1.1200 0.7800 0.5316 0.5326 0.5822 0.5832 0.7716 0.7673 0.9636 1.0213
        1.3253 1.4076 1.4644 1.5858 1.7796 1.7819 1.7399 1.7943 1.6168 1.5542 1.3560 1.4151
        0.7276 0.6924 0.6961 0.7526 0.7020 0.7038 0.6816 0.6582 0.7488 0.7766 0.8255 0.7604
   2025 1.1500 1.1391 1.1184 0.7868 0.5306 0.5322 0.5822 0.5872 0.7677 0.7670 0.9639 1.0169
        1.3252 1.4002 1.4653 1.6025 1.7794 1.7816 1.7399 1.8063 1.6083 1.5546 1.3557 1.4078
        0.7279 0.6888 0.6964 0.7600 0.7025 0.7042 0.6815 0.6631 0.7451 0.7764 0.8255 0.7564
   2026 1.1577 1.1485 1.1026 0.7868 0.5336 0.5292 0.5822 0.5872 0.7717 0.7732 0.9641 1.0172
        1.3341 1.4117 1.4445 1.6025 1.7894 1.7714 1.7399 1.8062 1.6164 1.5675 1.3556 1.4077
        0.7329 0.6945 0.6865 0.7600 0.7065 0.7001 0.6815 0.6632 0.7490 0.7827 0.8255 0.7564
   2027 1.1655 1.1484 1.1025 0.7828 0.5334 0.5261 0.5859 0.5831 0.7717 0.7763 0.9641 1.0123
        1.3432 1.4118 1.4446 1.5947 1.7893 1.7612 1.7507 1.7936 1.6163 1.5741 1.3555 1.4008
        0.7379 0.6945 0.6865 0.7563 0.7066 0.6962 0.6857 0.6587 0.7490 0.7860 0.8255 0.7526
   1  5
   2023 1.0000 1.0000 1.0000 1.0000 1.0000 1.0000 1.0000 1.0000 1.0000 1.0000 1.0000 1.0000
        1.0000 1.0000 1.0000 1.0000 1.0000 1.0000 1.0000 1.0000 1.0000 1.0000 1.0000 1.0000
        1.0000 1.0000 1.0000 1.0000 1.0000 1.0000 1.0000 1.0000 1.0000 1.0000 1.0000 1.0000
   2024 1.0000 1.0000 1.0000 1.0000 1.0000 1.0000 1.0000 1.0000 1.0000 1.0000 1.0000 1.0000
        1.0000 1.0000 1.0000 1.0000 1.0000 1.0000 1.0000 1.0000 1.0000 1.0000 1.0000 1.0000
        1.0000 1.0000 1.0000 1.0000 1.0000 1.0000 1.0000 1.0000 1.0000 1.0000 1.0000 1.0000
   2025 1.0000 1.0000 1.0000 1.0000 1.0000 1.0000 1.0000 1.0000 1.0000 1.0000 1.0000 1.0000
        1.0000 1.0000 1.0000 1.0000 1.0000 1.0000 1.0000 1.0000 1.0000 1.0000 1.0000 1.0000
        1.0000 1.0000 1.0000 1.0000 1.0000 1.0000 1.0000 1.0000 1.0000 1.0000 1.0000 1.0000
   2026 1.0000 1.0000 1.0000 1.0000 1.0000 1.0000 1.0000 1.0000 1.0000 1.0000 1.0000 1.0000
        1.0000 1.0000 1.0000 1.0000 1.0000 1.0000 1.0000 1.0000 1.0000 1.0000 1.0000 1.0000
        1.0000 1.0000 1.0000 1.0000 1.0000 1.0000 1.0000 1.0000 1.0000 1.0000 1.0000 1.0000
   2027 1.0000 1.0000 1.0000 1.0000 1.0000 1.0000 1.0000 1.0000 1.0000 1.0000 1.0000 1.0000
        1.0000 1.0000 1.0000 1.0000 1.0000 1.0000 1.0000 1.0000 1.0000 1.0000 1.0000 1.0000
        1.0000 1.0000 1.0000 1.0000 1.0000 1.0000 1.0000 1.0000 1.0000 1.0000 1.0000 1.0000
   1  6
   2023 1.0000 1.0000 1.0000 1.0000 1.0000 1.0000 1.0000 1.0000 1.0000 1.0000 1.0000 1.0000
        1.0000 1.0000 1.0000 1.0000 1.0000 1.0000 1.0000 1.0000 1.0000 1.0000 1.0000 1.0000
        1.0000 1.0000 1.0000 1.0000 1.0000 1.0000 1.0000 1.0000 1.0000 1.0000 1.0000 1.0000
   2024 1.0000 1.0000 1.0000 1.0000 1.0000 1.0000 1.0000 1.0000 1.0000 1.0000 1.0000 1.0000
        1.0000 1.0000 1.0000 1.0000 1.0000 1.0000 1.0000 1.0000 1.0000 1.0000 1.0000 1.0000
        1.0000 1.0000 1.0000 1.0000 1.0000 1.0000 1.0000 1.0000 1.0000 1.0000 1.0000 1.0000
   2025 1.0000 1.0000 1.0000 1.0000 1.0000 1.0000 1.0000 1.0000 1.0000 1.0000 1.0000 1.0000
        1.0000 1.0000 1.0000 1.0000 1.0000 1.0000 1.0000 1.0000 1.0000 1.0000 1.0000 1.0000
        1.0000 1.0000 1.0000 1.0000 1.0000 1.0000 1.0000 1.0000 1.0000 1.0000 1.0000 1.0000
   2026 1.0000 1.0000 1.0000 1.0000 1.0000 1.0000 1.0000 1.0000 1.0000 1.0000 1.0000 1.0000
        1.0000 1.0000 1.0000 1.0000 1.0000 1.0000 1.0000 1.0000 1.0000 1.0000 1.0000 1.0000
        1.0000 1.0000 1.0000 1.0000 1.0000 1.0000 1.0000 1.0000 1.0000 1.0000 1.0000 1.0000
   2027 1.0000 1.0000 1.0000 1.0000 1.0000 1.0000 1.0000 1.0000 1.0000 1.0000 1.0000 1.0000
        1.0000 1.0000 1.0000 1.0000 1.0000 1.0000 1.0000 1.0000 1.0000 1.0000 1.0000 1.0000
        1.0000 1.0000 1.0000 1.0000 1.0000 1.0000 1.0000 1.0000 1.0000 1.0000 1.0000 1.0000
   1  7
   2023 1.0000 1.0000 1.0000 1.0000 1.0000 1.0000 1.0000 1.0000 1.0000 1.0000 1.0000 1.0000
        1.0000 1.0000 1.0000 1.0000 1.0000 1.0000 1.0000 1.0000 1.0000 1.0000 1.0000 1.0000
        1.0000 1.0000 1.0000 1.0000 1.0000 1.0000 1.0000 1.0000 1.0000 1.0000 1.0000 1.0000
   2024 1.0000 1.0000 1.0000 1.0000 1.0000 1.0000 1.0000 1.0000 1.0000 1.0000 1.0000 1.0000
        1.0000 1.0000 1.0000 1.0000 1.0000 1.0000 1.0000 1.0000 1.0000 1.0000 1.0000 1.0000
        1.0000 1.0000 1.0000 1.0000 1.0000 1.0000 1.0000 1.0000 1.0000 1.0000 1.0000 1.0000
   2025 1.0000 1.0000 1.0000 1.0000 1.0000 1.0000 1.0000 1.0000 1.0000 1.0000 1.0000 1.0000
        1.0000 1.0000 1.0000 1.0000 1.0000 1.0000 1.0000 1.0000 1.0000 1.0000 1.0000 1.0000
        1.0000 1.0000 1.0000 1.0000 1.0000 1.0000 1.0000 1.0000 1.0000 1.0000 1.0000 1.0000
   2026 1.0000 1.0000 1.0000 1.0000 1.0000 1.0000 1.0000 1.0000 1.0000 1.0000 1.0000 1.0000
        1.0000 1.0000 1.0000 1.0000 1.0000 1.0000 1.0000 1.0000 1.0000 1.0000 1.0000 1.0000
        1.0000 1.0000 1.0000 1.0000 1.0000 1.0000 1.0000 1.0000 1.0000 1.0000 1.0000 1.0000
   2027 1.0000 1.0000 1.0000 1.0000 1.0000 1.0000 1.0000 1.0000 1.0000 1.0000 1.0000 1.0000
        1.0000 1.0000 1.0000 1.0000 1.0000 1.0000 1.0000 1.0000 1.0000 1.0000 1.0000 1.0000
        1.0000 1.0000 1.0000 1.0000 1.0000 1.0000 1.0000 1.0000 1.0000 1.0000 1.0000 1.0000
   1  8
   2023 1.0000 1.0000 1.0000 1.0000 1.0000 1.0000 1.0000 0.4720 0.7468 0.7216 0.9588 0.9887
        1.0000 1.0000 1.0000 1.0000 1.0000 1.0000 1.0000 1.9074 1.7074 1.6991 1.4657 1.4054
        1.0000 1.0000 1.0000 1.0000 1.0000 1.0000 1.0000 0.6168 0.7195 0.7319 0.7684 0.7913
   2024 0.9894 0.9910 0.9722 0.7098 0.4401 0.4310 0.4448 0.4720 0.7464 0.7221 0.9588 0.9886
        1.5054 1.5009 1.4526 1.8212 1.8464 1.8293 1.9386 1.8638 1.7565 1.7931 1.4657 1.4598
        0.7162 0.7250 0.7743 0.6436 0.6969 0.7143 0.6079 0.6607 0.6790 0.6507 0.7684 0.7530
   2025 0.9894 0.9908 0.9722 0.7085 0.4401 0.4310 0.4448 0.4721 0.7459 0.7221 0.9588 0.9885
        1.5054 1.5421 1.4526 1.7187 1.8464 1.8293 1.9386 1.8183 1.8035 1.7931 1.4657 1.5131
        0.7162 0.6925 0.7743 0.7302 0.6969 0.7143 0.6079 0.7017 0.6357 0.6507 0.7684 0.7123
   2026 0.9889 0.9910 0.9721 0.7085 0.4400 0.4314 0.4448 0.4721 0.7464 0.7216 0.9588 0.9885
        1.4513 1.4821 1.5652 1.7187 1.7973 1.8796 1.9386 1.8183 1.7565 1.6991 1.4657 1.5131
        0.7575 0.7390 0.6918 0.7302 0.7363 0.6715 0.6079 0.7017 0.6790 0.7319 0.7684 0.7123
   2027 0.9883 0.9910 0.9721 0.7092 0.4400 0.4317 0.4449 0.4720 0.7464 0.7213 0.9588 0.9884
        1.3963 1.4821 1.5652 1.7710 1.7973 1.9279 1.8941 1.8638 1.7565 1.6496 1.4657 1.5653
        0.7963 0.7390 0.6918 0.6885 0.7363 0.6254 0.6525 0.6607 0.6790 0.7686 0.7684 0.6689
   2  1
   2023 1.0000 1.0000 1.0000 1.0000 1.0000 1.0000 1.0000 1.0189 1.0325 1.0090 0.9984 1.0210
        1.0000 1.0000 1.0000 1.0000 1.0000 1.0000 1.0000 0.9938 1.0059 0.9976 0.9978 1.0049
        1.0000 1.0000 1.0000 1.0000 1.0000 1.0000 1.0000 0.9954 0.9823 0.9973 1.0020 0.9872
   2024 1.0144 1.0263 1.0194 1.0352 1.0212 1.0194 1.0304 1.0191 1.0318 1.0089 0.9985 1.0205
        1.0026 1.0033 1.0007 1.0025 0.9933 0.9966 0.9985 0.9942 1.0052 0.9974 0.9979 1.0045
        0.9903 0.9839 0.9902 0.9800 0.9957 0.9945 0.9868 0.9956 0.9816 0.9969 1.0019 0.9867
   2025 1.0144 1.0257 1.0196 1.0365 1.0214 1.0195 1.0305 1.0194 1.0311 1.0091 0.9986 1.0200
        1.0027 1.0029 1.0009 1.0040 0.9936 0.9967 0.9985 0.9946 1.0046 0.9975 0.9981 1.0042
        0.9903 0.9835 0.9900 0.9815 0.9954 0.9944 0.9868 0.9957 0.9809 0.9967 1.0018 0.9862
   2026 1.0147 1.0262 1.0190 1.0363 1.0217 1.0193 1.0306 1.0194 1.0319 1.0095 0.9987 1.0200
        1.0032 1.0037 1.0003 1.0041 0.9941 0.9965 0.9985 0.9947 1.0053 0.9978 0.9981 1.0043
        0.9905 0.9841 0.9890 0.9816 0.9955 0.9941 0.9867 0.9956 0.9815 0.9969 1.0017 0.9861
   2027 1.0150 1.0261 1.0191 1.0355 1.0218 1.0190 1.0312 1.0191 1.0319 1.0096 0.9987 1.0195
        1.0036 1.0037 1.0004 1.0034 0.9942 0.9963 0.9990 0.9945 1.0053 0.9980 0.9982 1.0039
        0.9908 0.9841 0.9889 0.9809 0.9954 0.9938 0.9872 0.9953 0.9815 0.9970 1.0017 0.9857
   2  2
   2023 1.0000 1.0000 1.0000 1.0000 1.0000 1.0000 1.0000 0.9963 0.9790 0.9919 1.0011 0.9740
        1.0000 1.0000 1.0000 1.0000 1.0000 1.0000 1.0000 0.9924 0.9852 0.9930 0.9991 0.9932
        1.0000 1.0000 1.0000 1.0000 1.0000 1.0000 1.0000 1.0070 1.0176 1.0076 0.9999 1.0163
   2024 0.9800 0.9765 0.9926 0.9918 0.9879 1.0072 0.9945 0.9961 0.9796 0.9924 1.0011 0.9746
        1.0002 0.9914 0.9911 0.9930 0.9878 1.0040 0.9906 0.9922 0.9858 0.9935 0.9991 0.9938
        1.0113 1.0176 1.0083 1.0086 1.0124 0.9947 1.0091 1.0068 1.0182 1.0081 0.9999 1.0168
   2025 0.9800 0.9769 0.9926 0.9912 0.9879 1.0072 0.9945 0.9959 0.9802 0.9924 1.0011 0.9752
        1.0002 0.9918 0.9911 0.9924 0.9878 1.0040 0.9906 0.9920 0.9864 0.9935 0.9991 0.9943
        1.0113 1.0180 1.0083 1.0081 1.0124 0.9947 1.0091 1.0066 1.0188 1.0081 0.9999 1.0174
   2026 0.9796 0.9763 0.9931 0.9912 0.9876 1.0070 0.9945 0.9959 0.9796 0.9919 1.0011 0.9752
        0.9998 0.9912 0.9915 0.9924 0.9874 1.0039 0.9906 0.9920 0.9858 0.9930 0.9991 0.9943
        1.0109 1.0174 1.0088 1.0081 1.0120 0.9945 1.0091 1.0066 1.0182 1.0076 0.9999 1.0174
   2027 0.9792 0.9763 0.9931 0.9915 0.9876 1.0069 0.9943 0.9961 0.9796 0.9917 1.0011 0.9757
        0.9993 0.9912 0.9915 0.9927 0.9874 1.0037 0.9903 0.9922 0.9858 0.9928 0.9991 0.9949
        1.0105 1.0174 1.0088 1.0084 1.0120 0.9943 1.0088 1.0068 1.0182 1.0074 0.9999 1.0180
   2  3
   2023 1.0000 1.0000 1.0000 1.0000 1.0000 1.0000 1.0000 0.9895 1.0137 1.0698 1.0779 1.0924
        1.0000 1.0000 1.0000 1.0000 1.0000 1.0000 1.0000 0.9578 0.9935 0.9806 0.9911 0.9578
        1.0000 1.0000 1.0000 1.0000 1.0000 1.0000 1.0000 1.0342 0.9975 0.9791 0.9647 0.9772
   2024 1.0700 1.1346 1.1335 1.0843 0.9785 1.0227 0.9892 0.9885 1.0136 1.0676 1.0779 1.0908
        0.9866 0.9934 0.9800 1.0164 0.9865 0.9748 0.9824 0.9569 0.9933 0.9787 0.9911 0.9566
        0.9677 0.9305 0.9454 0.9457 1.0170 1.0066 1.0173 1.0333 0.9974 0.9772 0.9648 0.9759
   2025 1.0699 1.1320 1.1337 1.0881 0.9784 1.0226 0.9890 0.9873 1.0133 1.0676 1.0778 1.0893
        0.9866 0.9915 0.9801 1.0201 0.9864 0.9747 0.9824 0.9560 0.9931 0.9789 0.9911 0.9554
        0.9678 0.9287 0.9453 0.9497 1.0171 1.0066 1.0174 1.0325 0.9973 0.9771 0.9648 0.9746
   2026 1.0712 1.1353 1.1283 1.0881 0.9779 1.0227 0.9890 0.9873 1.0134 1.0697 1.0778 1.0893
        0.9879 0.9944 0.9754 1.0201 0.9859 0.9748 0.9824 0.9560 0.9933 0.9808 0.9911 0.9554
        0.9691 0.9315 0.9409 0.9497 1.0165 1.0067 1.0174 1.0325 0.9974 0.9790 0.9648 0.9746
   2027 1.0726 1.1353 1.1283 1.0861 0.9779 1.0228 0.9885 0.9882 1.0134 1.0707 1.0778 1.0878
        0.9892 0.9944 0.9754 1.0181 0.9859 0.9749 0.9819 0.9569 0.9933 0.9818 0.9911 0.9541
        0.9703 0.9315 0.9409 0.9478 1.0165 1.0068 1.0169 1.0334 0.9974 0.9800 0.9648 0.9733
   2  4
   2023 1.0000 1.0000 1.0000 1.0000 1.0000 1.0000 1.0000 0.5365 0.7203 0.7695 1.0295 1.0917
        1.0000 1.0000 1.0000 1.0000 1.0000 1.0000 1.0000 1.8709 1.5541 1.6136 1.3611 1.4995
        1.0000 1.0000 1.0000 1.0000 1.0000 1.0000 1.0000 0.6120 0.8164 0.7584 0.7888 0.6914
   2024 1.1084 1.1555 1.1424 0.7662 0.4795 0.4328 0.4805 0.5405 0.7304 0.7627 1.0236 1.1001
        1.2495 1.3068 1.4008 1.6123 1.8488 1.7980 1.8499 1.8661 1.5593 1.6021 1.3581 1.4898
        0.7951 0.7440 0.7187 0.7434 0.6797 0.7328 0.6528 0.6295 0.8023 0.7489 0.7935 0.6776
   2025 1.1036 1.1547 1.1564 0.7843 0.4707 0.4328 0.4805 0.5446 0.7279 0.7627 1.0236 1.0921
        1.2519 1.3044 1.4047 1.6210 1.8350 1.7980 1.8499 1.8801 1.5540 1.6021 1.3581 1.4790
        0.7964 0.7350 0.7099 0.7509 0.6918 0.7328 0.6528 0.6343 0.7996 0.7489 0.7935 0.6727
   2026 1.1091 1.1632 1.1398 0.7843 0.4733 0.4309 0.4805 0.5446 0.7304 0.7700 1.0236 1.0921
        1.2581 1.3141 1.3845 1.6210 1.8453 1.7901 1.8499 1.8801 1.5593 1.6174 1.3581 1.4790
        0.8004 0.7405 0.6997 0.7509 0.6957 0.7295 0.6528 0.6343 0.8023 0.7560 0.7935 0.6727
   2027 1.1147 1.1632 1.1398 0.7802 0.4733 0.4290 0.4836 0.5405 0.7304 0.7737 1.0236 1.0842
        1.2644 1.3141 1.3845 1.6127 1.8453 1.7823 1.8618 1.8661 1.5593 1.6252 1.3581 1.4684
        0.8044 0.7405 0.6997 0.7470 0.6957 0.7263 0.6570 0.6295 0.8023 0.7597 0.7935 0.6679
   2  5
   2023 1.0000 1.0000 1.0000 1.0000 1.0000 1.0000 1.0000 1.0000 1.0000 1.0000 1.0000 1.0000
        1.0000 1.0000 1.0000 1.0000 1.0000 1.0000 1.0000 1.0000 1.0000 1.0000 1.0000 1.0000
        1.0000 1.0000 1.0000 1.0000 1.0000 1.0000 1.0000 1.0000 1.0000 1.0000 1.0000 1.0000
   2024 1.0000 1.0000 1.0000 1.0000 1.0000 1.0000 1.0000 1.0000 1.0000 1.0000 1.0000 1.0000
        1.0000 1.0000 1.0000 1.0000 1.0000 1.0000 1.0000 1.0000 1.0000 1.0000 1.0000 1.0000
        1.0000 1.0000 1.0000 1.0000 1.0000 1.0000 1.0000 1.0000 1.0000 1.0000 1.0000 1.0000
   2025 1.0000 1.0000 1.0000 1.0000 1.0000 1.0000 1.0000 1.0000 1.0000 1.0000 1.0000 1.0000
        1.0000 1.0000 1.0000 1.0000 1.0000 1.0000 1.0000 1.0000 1.0000 1.0000 1.0000 1.0000
        1.0000 1.0000 1.0000 1.0000 1.0000 1.0000 1.0000 1.0000 1.0000 1.0000 1.0000 1.0000
   2026 1.0000 1.0000 1.0000 1.0000 1.0000 1.0000 1.0000 1.0000 1.0000 1.0000 1.0000 1.0000
        1.0000 1.0000 1.0000 1.0000 1.0000 1.0000 1.0000 1.0000 1.0000 1.0000 1.0000 1.0000
        1.0000 1.0000 1.0000 1.0000 1.0000 1.0000 1.0000 1.0000 1.0000 1.0000 1.0000 1.0000
   2027 1.0000 1.0000 1.0000 1.0000 1.0000 1.0000 1.0000 1.0000 1.0000 1.0000 1.0000 1.0000
        1.0000 1.0000 1.0000 1.0000 1.0000 1.0000 1.0000 1.0000 1.0000 1.0000 1.0000 1.0000
        1.0000 1.0000 1.0000 1.0000 1.0000 1.0000 1.0000 1.0000 1.0000 1.0000 1.0000 1.0000
   2  6
   2023 1.0000 1.0000 1.0000 1.0000 1.0000 1.0000 1.0000 1.0000 1.0000 1.0000 1.0000 1.0000
        1.0000 1.0000 1.0000 1.0000 1.0000 1.0000 1.0000 1.0000 1.0000 1.0000 1.0000 1.0000
        1.0000 1.0000 1.0000 1.0000 1.0000 1.0000 1.0000 1.0000 1.0000 1.0000 1.0000 1.0000
   2024 1.0000 1.0000 1.0000 1.0000 1.0000 1.0000 1.0000 1.0000 1.0000 1.0000 1.0000 1.0000
        1.0000 1.0000 1.0000 1.0000 1.0000 1.0000 1.0000 1.0000 1.0000 1.0000 1.0000 1.0000
        1.0000 1.0000 1.0000 1.0000 1.0000 1.0000 1.0000 1.0000 1.0000 1.0000 1.0000 1.0000
   2025 1.0000 1.0000 1.0000 1.0000 1.0000 1.0000 1.0000 1.0000 1.0000 1.0000 1.0000 1.0000
        1.0000 1.0000 1.0000 1.0000 1.0000 1.0000 1.0000 1.0000 1.0000 1.0000 1.0000 1.0000
        1.0000 1.0000 1.0000 1.0000 1.0000 1.0000 1.0000 1.0000 1.0000 1.0000 1.0000 1.0000
   2026 1.0000 1.0000 1.0000 1.0000 1.0000 1.0000 1.0000 1.0000 1.0000 1.0000 1.0000 1.0000
        1.0000 1.0000 1.0000 1.0000 1.0000 1.0000 1.0000 1.0000 1.0000 1.0000 1.0000 1.0000
        1.0000 1.0000 1.0000 1.0000 1.0000 1.0000 1.0000 1.0000 1.0000 1.0000 1.0000 1.0000
   2027 1.0000 1.0000 1.0000 1.0000 1.0000 1.0000 1.0000 1.0000 1.0000 1.0000 1.0000 1.0000
        1.0000 1.0000 1.0000 1.0000 1.0000 1.0000 1.0000 1.0000 1.0000 1.0000 1.0000 1.0000
        1.0000 1.0000 1.0000 1.0000 1.0000 1.0000 1.0000 1.0000 1.0000 1.0000 1.0000 1.0000
   2  7
   2023 1.0000 1.0000 1.0000 1.0000 1.0000 1.0000 1.0000 1.0000 1.0000 1.0000 1.0000 1.0000
        1.0000 1.0000 1.0000 1.0000 1.0000 1.0000 1.0000 1.0000 1.0000 1.0000 1.0000 1.0000
        1.0000 1.0000 1.0000 1.0000 1.0000 1.0000 1.0000 1.0000 1.0000 1.0000 1.0000 1.0000
   2024 1.0000 1.0000 1.0000 1.0000 1.0000 1.0000 1.0000 1.0000 1.0000 1.0000 1.0000 1.0000
        1.0000 1.0000 1.0000 1.0000 1.0000 1.0000 1.0000 1.0000 1.0000 1.0000 1.0000 1.0000
        1.0000 1.0000 1.0000 1.0000 1.0000 1.0000 1.0000 1.0000 1.0000 1.0000 1.0000 1.0000
   2025 1.0000 1.0000 1.0000 1.0000 1.0000 1.0000 1.0000 1.0000 1.0000 1.0000 1.0000 1.0000
        1.0000 1.0000 1.0000 1.0000 1.0000 1.0000 1.0000 1.0000 1.0000 1.0000 1.0000 1.0000
        1.0000 1.0000 1.0000 1.0000 1.0000 1.0000 1.0000 1.0000 1.0000 1.0000 1.0000 1.0000
   2026 1.0000 1.0000 1.0000 1.0000 1.0000 1.0000 1.0000 1.0000 1.0000 1.0000 1.0000 1.0000
        1.0000 1.0000 1.0000 1.0000 1.0000 1.0000 1.0000 1.0000 1.0000 1.0000 1.0000 1.0000
        1.0000 1.0000 1.0000 1.0000 1.0000 1.0000 1.0000 1.0000 1.0000 1.0000 1.0000 1.0000
   2027 1.0000 1.0000 1.0000 1.0000 1.0000 1.0000 1.0000 1.0000 1.0000 1.0000 1.0000 1.0000
        1.0000 1.0000 1.0000 1.0000 1.0000 1.0000 1.0000 1.0000 1.0000 1.0000 1.0000 1.0000
        1.0000 1.0000 1.0000 1.0000 1.0000 1.0000 1.0000 1.0000 1.0000 1.0000 1.0000 1.0000
   2  8
   2023 1.0000 1.0000 1.0000 1.0000 1.0000 1.0000 1.0000 0.5501 0.8632 0.8463 1.0681 1.0860
        1.0000 1.0000 1.0000 1.0000 1.0000 1.0000 1.0000 1.9683 1.7032 1.6393 1.3681 1.3377
        1.0000 1.0000 1.0000 1.0000 1.0000 1.0000 1.0000 0.5380 0.6701 0.7087 0.7651 0.7796
   2024 1.1282 1.0992 1.1071 0.8164 0.5159 0.4779 0.4845 0.5521 0.8613 0.8469 1.0681 1.0865
        1.4508 1.4396 1.3929 1.7764 1.9119 1.8435 1.9345 1.9300 1.7493 1.7292 1.3681 1.3887
        0.6683 0.7004 0.7401 0.6155 0.6259 0.6874 0.5921 0.5825 0.6278 0.6241 0.7651 0.7404
   2025 1.1282 1.0990 1.1071 0.8147 0.5159 0.4779 0.4845 0.5541 0.8592 0.8469 1.0681 1.0869
        1.4508 1.4785 1.3929 1.6758 1.9119 1.8435 1.9345 1.8895 1.7930 1.7292 1.3681 1.4388
        0.6683 0.6667 0.7401 0.7069 0.6259 0.6874 0.5921 0.6246 0.5828 0.6241 0.7651 0.6988
   2026 1.1298 1.0992 1.1052 0.8147 0.5174 0.4783 0.4845 0.5541 0.8613 0.8463 1.0681 1.0869
        1.4027 1.4219 1.4981 1.6758 1.8669 1.8945 1.9345 1.8895 1.7493 1.6393 1.3681 1.4388
        0.7099 0.7149 0.6543 0.7069 0.6667 0.6420 0.5921 0.6246 0.6278 0.7087 0.7651 0.6988
   2027 1.1314 1.0992 1.1052 0.8156 0.5174 0.4788 0.4838 0.5521 0.8613 0.8461 1.0681 1.0873
        1.3533 1.4219 1.4981 1.7271 1.8669 1.9434 1.8871 1.9300 1.7493 1.5919 1.3681 1.4879
        0.7492 0.7149 0.6543 0.6629 0.6667 0.5933 0.6403 0.5825 0.6278 0.7470 0.7651 0.6543
   3  1
   2023 1.0000 1.0000 1.0000 1.0000 1.0000 1.0000 1.0000 1.0073 1.0066 1.0117 1.0126 1.0166
        1.0000 1.0000 1.0000 1.0000 1.0000 1.0000 1.0000 1.0263 1.0151 1.0198 1.0184 1.0094
        1.0000 1.0000 1.0000 1.0000 1.0000 1.0000 1.0000 0.9783 0.9887 0.9834 0.9836 0.9870
   2024 1.0156 0.9940 1.0121 0.9993 0.9997 1.0089 1.0040 1.0079 1.0063 1.0102 1.0129 1.0164
        1.0121 1.0099 1.0145 1.0152 1.0166 1.0045 1.0069 1.0269 1.0147 1.0176 1.0174 1.0085
        0.9841 0.9977 0.9864 0.9909 0.9898 0.9938 0.9934 0.9789 0.9883 0.9835 0.9839 0.9867
   2025 1.0156 0.9949 1.0120 1.0008 0.9997 1.0102 1.0041 1.0098 1.0063 1.0102 1.0129 1.0159
        1.0116 1.0100 1.0140 1.0151 1.0154 1.0042 1.0066 1.0271 1.0139 1.0176 1.0174 1.0081
        0.9845 0.9972 0.9868 0.9913 0.9905 0.9935 0.9935 0.9792 0.9881 0.9835 0.9839 0.9863
   2026 1.0160 0.9949 1.0113 1.0008 0.9999 1.0099 1.0041 1.0098 1.0067 1.0111 1.0129 1.0159
        1.0120 1.0100 1.0132 1.0151 1.0157 1.0040 1.0066 1.0271 1.0143 1.0186 1.0174 1.0081
        0.9849 0.9972 0.9860 0.9913 0.9908 0.9932 0.9935 0.9792 0.9884 0.9844 0.9839 0.9863
   2027 1.0165 0.9949 1.0113 1.0006 0.9999 1.0097 1.0043 1.0092 1.0067 1.0116 1.0129 1.0155
        1.0125 1.0100 1.0132 1.0148 1.0157 1.0037 1.0067 1.0265 1.0143 1.0191 1.0174 1.0077
        0.9854 0.9972 0.9860 0.9910 0.9908 0.9930 0.9937 0.9786 0.9884 0.9849 0.9839 0.9858
   3  2
   2023 1.0000 1.0000 1.0000 1.0000 1.0000 1.0000 1.0000 0.9877 0.9918 0.9858 0.9807 0.9825
        1.0000 1.0000 1.0000 1.0000 1.0000 1.0000 1.0000 0.9977 0.9950 0.9908 0.9945 0.9948
        1.0000 1.0000 1.0000 1.0000 1.0000 1.0000 1.0000 1.0073 1.0064 1.0117 1.0129 1.0113
   2024 0.9912 0.9863 0.9796 0.9831 0.9866 0.9884 0.9792 0.9876 0.9920 0.9866 0.9807 0.9828
        0.9961 0.9914 0.9962 0.9940 0.9978 0.9984 0.9894 0.9974 0.9951 0.9915 0.9945 0.9951
        1.0073 1.0122 1.0119 1.0125 1.0067 1.0055 1.0171 1.0071 1.0067 1.0125 1.0129 1.0117
   2025 0.9912 0.9867 0.9797 0.9823 0.9867 0.9884 0.9792 0.9875 0.9922 0.9866 0.9808 0.9832
        0.9960 0.9916 0.9961 0.9931 0.9978 0.9984 0.9894 0.9971 0.9953 0.9914 0.9943 0.9954
        1.0073 1.0125 1.0120 1.0117 1.0067 1.0055 1.0171 1.0068 1.0070 1.0126 1.0130 1.0122
   2026 0.9910 0.9863 0.9805 0.9823 0.9864 0.9886 0.9792 0.9875 0.9920 0.9858 0.9808 0.9832
        0.9957 0.9912 0.9970 0.9931 0.9975 0.9986 0.9894 0.9971 0.9951 0.9907 0.9943 0.9954
        1.0071 1.0121 1.0129 1.0117 1.0065 1.0057 1.0171 1.0068 1.0068 1.0118 1.0130 1.0122
   2027 0.9908 0.9863 0.9805 0.9828 0.9864 0.9888 0.9787 0.9877 0.9920 0.9854 0.9808 0.9836
        0.9954 0.9912 0.9970 0.9936 0.9975 0.9988 0.9889 0.9974 0.9951 0.9903 0.9943 0.9958
        1.0069 1.0121 1.0129 1.0121 1.0065 1.0059 1.0165 1.0071 1.0068 1.0114 1.0130 1.0126
   3  3
   2023 1.0000 1.0000 1.0000 1.0000 1.0000 1.0000 1.0000 0.9591 0.9721 0.9696 0.9986 0.9692
        1.0000 1.0000 1.0000 1.0000 1.0000 1.0000 1.0000 0.9820 0.9861 0.9709 0.9964 0.9880
        1.0000 1.0000 1.0000 1.0000 1.0000 1.0000 1.0000 1.0317 1.0201 1.0304 1.0027 1.0214
   2024 0.9701 0.9955 0.9298 0.9391 0.9137 0.9160 0.9322 0.9581 0.9724 0.9713 0.9978 0.9692
        0.9964 0.9720 0.9914 0.9975 0.9470 0.9804 0.9877 0.9813 0.9874 0.9734 0.9969 0.9891
        1.0191 1.0181 1.0388 1.0334 1.0675 1.0446 1.0403 1.0304 1.0207 1.0320 1.0028 1.0222
   2025 0.9697 0.9953 0.9294 0.9368 0.9136 0.9159 0.9322 0.9572 0.9729 0.9713 0.9975 0.9697
        0.9966 0.9726 0.9917 0.9951 0.9473 0.9803 0.9878 0.9804 0.9883 0.9736 0.9971 0.9900
        1.0192 1.0185 1.0388 1.0308 1.0673 1.0447 1.0402 1.0293 1.0214 1.0319 1.0029 1.0231
   2026 0.9690 0.9947 0.9320 0.9368 0.9115 0.9174 0.9322 0.9572 0.9722 0.9694 0.9974 0.9696
        0.9960 0.9723 0.9947 0.9951 0.9452 0.9820 0.9878 0.9804 0.9876 0.9718 0.9971 0.9900
        1.0186 1.0181 1.0418 1.0308 1.0649 1.0465 1.0402 1.0293 1.0207 1.0299 1.0029 1.0231
   2027 0.9683 0.9947 0.9320 0.9380 0.9115 0.9190 0.9310 0.9581 0.9722 0.9685 0.9974 0.9704
        0.9954 0.9723 0.9947 0.9964 0.9452 0.9837 0.9864 0.9814 0.9876 0.9709 0.9971 0.9907
        1.0179 1.0181 1.0418 1.0321 1.0649 1.0483 1.0388 1.0303 1.0207 1.0289 1.0029 1.0238
   3  4
   2023 1.0000 1.0000 1.0000 1.0000 1.0000 1.0000 1.0000 0.5381 0.7445 0.6809 0.9033 0.9660
        1.0000 1.0000 1.0000 1.0000 1.0000 1.0000 1.0000 1.7127 1.6031 1.5273 1.3851 1.4590
        1.0000 1.0000 1.0000 1.0000 1.0000 1.0000 1.0000 0.7211 0.7785 0.8476 0.8407 0.7740
   2024 1.0625 1.0468 0.9740 0.7257 0.4353 0.4588 0.5238 0.5369 0.7388 0.6763 0.9030 0.9611
        1.3783 1.4482 1.4873 1.5983 1.7803 1.7367 1.7477 1.7217 1.5983 1.5251 1.3868 1.4540
        0.7474 0.7241 0.7552 0.7733 0.7400 0.7601 0.7034 0.7260 0.7754 0.8434 0.8399 0.7707
   2025 1.0613 1.0413 0.9730 0.7304 0.4346 0.4577 0.5225 0.5384 0.7349 0.6758 0.9030 0.9569
        1.3774 1.4410 1.4870 1.6121 1.7800 1.7366 1.7484 1.7303 1.5922 1.5260 1.3873 1.4482
        0.7485 0.7217 0.7558 0.7797 0.7405 0.7607 0.7036 0.7300 0.7723 0.8432 0.8396 0.7675
   2026 1.0665 1.0476 0.9635 0.7298 0.4359 0.4551 0.5216 0.5374 0.7372 0.6777 0.9029 0.9566
        1.3846 1.4500 1.4732 1.6125 1.7872 1.7300 1.7488 1.7303 1.5994 1.5327 1.3879 1.4486
        0.7533 0.7268 0.7494 0.7798 0.7438 0.7582 0.7038 0.7303 0.7756 0.8460 0.8394 0.7675
   2027 1.0723 1.0475 0.9635 0.7268 0.4359 0.4533 0.5242 0.5347 0.7371 0.6789 0.9029 0.9527
        1.3922 1.4500 1.4732 1.6061 1.7872 1.7235 1.7581 1.7219 1.5994 1.5358 1.3879 1.4427
        0.7575 0.7268 0.7494 0.7767 0.7438 0.7554 0.7075 0.7268 0.7756 0.8476 0.8394 0.7643
   3  5
   2023 1.0000 1.0000 1.0000 1.0000 1.0000 1.0000 1.0000 1.0000 1.0000 1.0000 1.0000 1.0000
        1.0000 1.0000 1.0000 1.0000 1.0000 1.0000 1.0000 1.0000 1.0000 1.0000 1.0000 1.0000
        1.0000 1.0000 1.0000 1.0000 1.0000 1.0000 1.0000 1.0000 1.0000 1.0000 1.0000 1.0000
   2024 1.0000 1.0000 1.0000 1.0000 1.0000 1.0000 1.0000 1.0000 1.0000 1.0000 1.0000 1.0000
        1.0000 1.0000 1.0000 1.0000 1.0000 1.0000 1.0000 1.0000 1.0000 1.0000 1.0000 1.0000
        1.0000 1.0000 1.0000 1.0000 1.0000 1.0000 1.0000 1.0000 1.0000 1.0000 1.0000 1.0000
   2025 1.0000 1.0000 1.0000 1.0000 1.0000 1.0000 1.0000 1.0000 1.0000 1.0000 1.0000 1.0000
        1.0000 1.0000 1.0000 1.0000 1.0000 1.0000 1.0000 1.0000 1.0000 1.0000 1.0000 1.0000
        1.0000 1.0000 1.0000 1.0000 1.0000 1.0000 1.0000 1.0000 1.0000 1.0000 1.0000 1.0000
   2026 1.0000 1.0000 1.0000 1.0000 1.0000 1.0000 1.0000 1.0000 1.0000 1.0000 1.0000 1.0000
        1.0000 1.0000 1.0000 1.0000 1.0000 1.0000 1.0000 1.0000 1.0000 1.0000 1.0000 1.0000
        1.0000 1.0000 1.0000 1.0000 1.0000 1.0000 1.0000 1.0000 1.0000 1.0000 1.0000 1.0000
   2027 1.0000 1.0000 1.0000 1.0000 1.0000 1.0000 1.0000 1.0000 1.0000 1.0000 1.0000 1.0000
        1.0000 1.0000 1.0000 1.0000 1.0000 1.0000 1.0000 1.0000 1.0000 1.0000 1.0000 1.0000
        1.0000 1.0000 1.0000 1.0000 1.0000 1.0000 1.0000 1.0000 1.0000 1.0000 1.0000 1.0000
   3  6
   2023 1.0000 1.0000 1.0000 1.0000 1.0000 1.0000 1.0000 1.0000 1.0000 1.0000 1.0000 1.0000
        1.0000 1.0000 1.0000 1.0000 1.0000 1.0000 1.0000 1.0000 1.0000 1.0000 1.0000 1.0000
        1.0000 1.0000 1.0000 1.0000 1.0000 1.0000 1.0000 1.0000 1.0000 1.0000 1.0000 1.0000
   2024 1.0000 1.0000 1.0000 1.0000 1.0000 1.0000 1.0000 1.0000 1.0000 1.0000 1.0000 1.0000
        1.0000 1.0000 1.0000 1.0000 1.0000 1.0000 1.0000 1.0000 1.0000 1.0000 1.0000 1.0000
        1.0000 1.0000 1.0000 1.0000 1.0000 1.0000 1.0000 1.0000 1.0000 1.0000 1.0000 1.0000
   2025 1.0000 1.0000 1.0000 1.0000 1.0000 1.0000 1.0000 1.0000 1.0000 1.0000 1.0000 1.0000
        1.0000 1.0000 1.0000 1.0000 1.0000 1.0000 1.0000 1.0000 1.0000 1.0000 1.0000 1.0000
        1.0000 1.0000 1.0000 1.0000 1.0000 1.0000 1.0000 1.0000 1.0000 1.0000 1.0000 1.0000
   2026 1.0000 1.0000 1.0000 1.0000 1.0000 1.0000 1.0000 1.0000 1.0000 1.0000 1.0000 1.0000
        1.0000 1.0000 1.0000 1.0000 1.0000 1.0000 1.0000 1.0000 1.0000 1.0000 1.0000 1.0000
        1.0000 1.0000 1.0000 1.0000 1.0000 1.0000 1.0000 1.0000 1.0000 1.0000 1.0000 1.0000
   2027 1.0000 1.0000 1.0000 1.0000 1.0000 1.0000 1.0000 1.0000 1.0000 1.0000 1.0000 1.0000
        1.0000 1.0000 1.0000 1.0000 1.0000 1.0000 1.0000 1.0000 1.0000 1.0000 1.0000 1.0000
        1.0000 1.0000 1.0000 1.0000 1.0000 1.0000 1.0000 1.0000 1.0000 1.0000 1.0000 1.0000
   3  7
   2023 1.0000 1.0000 1.0000 1.0000 1.0000 1.0000 1.0000 1.0000 1.0000 1.0000 1.0000 1.0000
        1.0000 1.0000 1.0000 1.0000 1.0000 1.0000 1.0000 1.0000 1.0000 1.0000 1.0000 1.0000
        1.0000 1.0000 1.0000 1.0000 1.0000 1.0000 1.0000 1.0000 1.0000 1.0000 1.0000 1.0000
   2024 1.0000 1.0000 1.0000 1.0000 1.0000 1.0000 1.0000 1.0000 1.0000 1.0000 1.0000 1.0000
        1.0000 1.0000 1.0000 1.0000 1.0000 1.0000 1.0000 1.0000 1.0000 1.0000 1.0000 1.0000
        1.0000 1.0000 1.0000 1.0000 1.0000 1.0000 1.0000 1.0000 1.0000 1.0000 1.0000 1.0000
   2025 1.0000 1.0000 1.0000 1.0000 1.0000 1.0000 1.0000 1.0000 1.0000 1.0000 1.0000 1.0000
        1.0000 1.0000 1.0000 1.0000 1.0000 1.0000 1.0000 1.0000 1.0000 1.0000 1.0000 1.0000
        1.0000 1.0000 1.0000 1.0000 1.0000 1.0000 1.0000 1.0000 1.0000 1.0000 1.0000 1.0000
   2026 1.0000 1.0000 1.0000 1.0000 1.0000 1.0000 1.0000 1.0000 1.0000 1.0000 1.0000 1.0000
        1.0000 1.0000 1.0000 1.0000 1.0000 1.0000 1.0000 1.0000 1.0000 1.0000 1.0000 1.0000
        1.0000 1.0000 1.0000 1.0000 1.0000 1.0000 1.0000 1.0000 1.0000 1.0000 1.0000 1.0000
   2027 1.0000 1.0000 1.0000 1.0000 1.0000 1.0000 1.0000 1.0000 1.0000 1.0000 1.0000 1.0000
        1.0000 1.0000 1.0000 1.0000 1.0000 1.0000 1.0000 1.0000 1.0000 1.0000 1.0000 1.0000
        1.0000 1.0000 1.0000 1.0000 1.0000 1.0000 1.0000 1.0000 1.0000 1.0000 1.0000 1.0000
   3  8
   2023 1.0000 1.0000 1.0000 1.0000 1.0000 1.0000 1.0000 0.3196 0.5665 0.5430 0.7755 0.8035
        1.0000 1.0000 1.0000 1.0000 1.0000 1.0000 1.0000 1.8875 1.7299 1.7554 1.5517 1.5105
        1.0000 1.0000 1.0000 1.0000 1.0000 1.0000 1.0000 0.7019 0.7871 0.7816 0.8160 0.8261
   2024 0.8231 0.8220 0.8009 0.5560 0.3133 0.3056 0.3039 0.3195 0.5667 0.5434 0.7755 0.8035
        1.6212 1.5967 1.4942 1.8728 1.8369 1.8028 1.8970 1.8436 1.7812 1.8526 1.5517 1.5699
        0.7447 0.7633 0.8360 0.6922 0.7535 0.7793 0.7027 0.7399 0.7513 0.7090 0.8160 0.7901
   2025 0.8231 0.8216 0.8009 0.5571 0.3133 0.3056 0.3039 0.3194 0.5667 0.5434 0.7755 0.8035
        1.6212 1.6403 1.4942 1.7739 1.8369 1.8028 1.8970 1.7977 1.8304 1.8526 1.5517 1.6281
        0.7447 0.7334 0.8360 0.7669 0.7535 0.7793 0.7027 0.7754 0.7128 0.7090 0.8160 0.7518
   2026 0.8232 0.8221 0.8024 0.5571 0.3135 0.3056 0.3039 0.3194 0.5667 0.5430 0.7755 0.8035
        1.5635 1.5767 1.6136 1.7739 1.7901 1.8510 1.8970 1.7977 1.7812 1.7554 1.5517 1.6281
        0.7832 0.7763 0.7608 0.7669 0.7872 0.7431 0.7027 0.7754 0.7513 0.7816 0.8160 0.7518
   2027 0.8234 0.8221 0.8024 0.5566 0.3135 0.3057 0.3037 0.3195 0.5667 0.5429 0.7755 0.8035
        1.5046 1.5767 1.6136 1.8245 1.7901 1.8971 1.8525 1.8436 1.7812 1.7042 1.5517 1.6852
        0.8195 0.7763 0.7608 0.7308 0.7872 0.7043 0.7409 0.7399 0.7513 0.8144 0.8160 0.7111
   4  1
   2023 1.0000 1.0000 1.0000 1.0000 1.0000 1.0000 1.0000 0.9912 0.9912 0.9913 0.9901 0.9955
        1.0000 1.0000 1.0000 1.0000 1.0000 1.0000 1.0000 0.9920 0.9974 0.9989 1.0046 1.0019
        1.0000 1.0000 1.0000 1.0000 1.0000 1.0000 1.0000 1.0097 1.0054 1.0046 1.0026 1.0012
   2024 0.9928 0.9940 0.9895 0.9939 0.9999 0.9931 0.9885 0.9909 0.9914 0.9916 0.9901 0.9956
        1.0039 1.0027 1.0011 0.9991 0.9973 0.9968 0.9973 0.9918 0.9976 0.9992 1.0046 1.0019
        1.0019 1.0018 1.0045 1.0038 1.0017 1.0047 1.0073 1.0094 1.0056 1.0050 1.0026 1.0013
   2025 0.9928 0.9940 0.9895 0.9936 0.9999 0.9931 0.9885 0.9906 0.9916 0.9917 0.9901 0.9958
        1.0039 1.0028 1.0011 0.9988 0.9973 0.9968 0.9973 0.9915 0.9978 0.9993 1.0045 1.0020
        1.0019 1.0018 1.0045 1.0035 1.0017 1.0047 1.0073 1.0091 1.0058 1.0049 1.0026 1.0012
   2026 0.9929 0.9940 0.9902 0.9937 0.9998 0.9934 0.9885 0.9908 0.9915 0.9914 0.9901 0.9959
        1.0039 1.0027 1.0016 0.9989 0.9972 0.9969 0.9973 0.9915 0.9975 0.9990 1.0045 1.0019
        1.0016 1.0017 1.0047 1.0034 1.0017 1.0048 1.0073 1.0090 1.0056 1.0045 1.0027 1.0012
   2027 0.9929 0.9941 0.9904 0.9939 0.9998 0.9936 0.9883 0.9911 0.9915 0.9912 0.9901 0.9960
        1.0038 1.0027 1.0016 0.9990 0.9971 0.9971 0.9971 0.9918 0.9975 0.9988 1.0045 1.0020
        1.0014 1.0016 1.0046 1.0035 1.0018 1.0050 1.0070 1.0093 1.0056 1.0044 1.0027 1.0013
   4  2
   2023 1.0000 1.0000 1.0000 1.0000 1.0000 1.0000 1.0000 0.9984 1.0048 0.9892 0.9877 0.9758
        1.0000 1.0000 1.0000 1.0000 1.0000 1.0000 1.0000 0.9948 1.0043 1.0067 0.9993 0.9993
        1.0000 1.0000 1.0000 1.0000 1.0000 1.0000 1.0000 1.0044 0.9955 1.0011 1.0067 1.0122
   2024 0.9845 1.0014 0.9875 0.9920 0.9938 0.9762 0.9884 0.9982 1.0047 0.9894 0.9877 0.9762
        0.9942 1.0030 0.9925 0.9969 0.9950 0.9869 0.9953 0.9947 1.0041 1.0069 0.9993 0.9998
        1.0122 0.9976 1.0101 1.0061 1.0056 1.0172 1.0087 1.0042 0.9953 1.0013 1.0067 1.0127
   2025 0.9845 1.0014 0.9875 0.9916 0.9938 0.9762 0.9884 0.9981 1.0045 0.9894 0.9877 0.9767
        0.9942 1.0030 0.9925 0.9965 0.9950 0.9869 0.9953 0.9946 1.0040 1.0069 0.9993 1.0003
        1.0122 0.9975 1.0101 1.0057 1.0056 1.0172 1.0087 1.0041 0.9952 1.0013 1.0067 1.0131
   2026 0.9841 1.0014 0.9881 0.9916 0.9936 0.9768 0.9884 0.9981 1.0047 0.9892 0.9877 0.9767
        0.9939 1.0030 0.9931 0.9965 0.9948 0.9875 0.9953 0.9946 1.0041 1.0067 0.9993 1.0003
        1.0118 0.9976 1.0107 1.0057 1.0054 1.0178 1.0087 1.0041 0.9953 1.0011 1.0067 1.0131
   2027 0.9837 1.0014 0.9881 0.9918 0.9936 0.9774 0.9882 0.9982 1.0047 0.9891 0.9877 0.9772
        0.9935 1.0030 0.9931 0.9967 0.9948 0.9881 0.9950 0.9947 1.0041 1.0066 0.9993 1.0007
        1.0114 0.9976 1.0107 1.0059 1.0054 1.0185 1.0084 1.0042 0.9953 1.0010 1.0067 1.0136
   4  3
   2023 1.0000 1.0000 1.0000 1.0000 1.0000 1.0000 1.0000 0.8320 0.9096 0.9663 0.9537 0.9725
        1.0000 1.0000 1.0000 1.0000 1.0000 1.0000 1.0000 0.9856 0.9947 1.0267 1.0299 1.0227
        1.0000 1.0000 1.0000 1.0000 1.0000 1.0000 1.0000 1.0886 1.0431 1.0003 1.0076 1.0014
   2024 1.1000 1.1834 1.3310 1.3394 1.1884 1.1224 0.9545 0.8294 0.9112 0.9667 0.9537 0.9728
        1.0119 1.0145 0.9845 1.0539 1.1556 1.1401 1.0899 0.9826 0.9964 1.0271 1.0299 1.0230
        0.9361 0.8921 0.8468 0.7889 0.8279 0.8667 0.9588 1.0853 1.0450 1.0008 1.0076 1.0017
   2025 1.1000 1.1799 1.3310 1.3600 1.1884 1.1224 0.9545 0.8268 0.9128 0.9667 0.9537 0.9731
        1.0119 1.0115 0.9845 1.0701 1.1556 1.1401 1.0899 0.9795 0.9982 1.0271 1.0299 1.0233
        0.9361 0.8895 0.8468 0.8011 0.8279 0.8667 0.9588 1.0819 1.0468 1.0008 1.0076 1.0020
   2026 1.1024 1.1850 1.3146 1.3600 1.1951 1.1175 0.9545 0.8268 0.9112 0.9663 0.9537 0.9731
        1.0141 1.0158 0.9724 1.0701 1.1621 1.1351 1.0899 0.9795 0.9964 1.0267 1.0299 1.0233
        0.9382 0.8933 0.8363 0.8011 0.8325 0.8630 0.9588 1.0819 1.0450 1.0003 1.0076 1.0020
   2027 1.1048 1.1850 1.3146 1.3497 1.1951 1.1127 0.9553 0.8294 0.9112 0.9661 0.9537 0.9734
        1.0164 1.0158 0.9724 1.0619 1.1621 1.1302 1.0908 0.9826 0.9964 1.0264 1.0299 1.0236
        0.9402 0.8933 0.8363 0.7950 0.8325 0.8592 0.9596 1.0853 1.0450 1.0001 1.0076 1.0023
   4  4
   2023 1.0000 1.0000 1.0000 1.0000 1.0000 1.0000 1.0000 0.6080 0.7947 0.6654 0.9364 1.0855
        1.0000 1.0000 1.0000 1.0000 1.0000 1.0000 1.0000 1.7396 1.7136 1.7294 1.4728 1.5269
        1.0000 1.0000 1.0000 1.0000 1.0000 1.0000 1.0000 0.6697 0.6948 0.7404 0.7760 0.6799
   2024 1.0518 1.1958 1.0083 0.8497 0.6109 0.5797 0.6174 0.6120 0.7894 0.6595 0.9364 1.0777
        1.4273 1.4939 1.5312 1.6104 1.7858 1.7377 1.7574 1.7512 1.7022 1.7140 1.4728 1.5160
        0.7253 0.6175 0.7153 0.7009 0.6665 0.7125 0.6530 0.6741 0.6901 0.7338 0.7760 0.6750
   2025 1.0518 1.1872 1.0083 0.8612 0.6109 0.5797 0.6174 0.6161 0.7841 0.6595 0.9364 1.0701
        1.4273 1.4832 1.5312 1.6323 1.7858 1.7377 1.7574 1.7629 1.6907 1.7140 1.4728 1.5052
        0.7253 0.6131 0.7153 0.7104 0.6665 0.7125 0.6530 0.6786 0.6855 0.7338 0.7760 0.6703
   2026 1.0580 1.1996 0.9968 0.8612 0.6151 0.5764 0.6174 0.6161 0.7894 0.6654 0.9364 1.0701
        1.4357 1.4987 1.5138 1.6323 1.7983 1.7278 1.7574 1.7629 1.7022 1.7294 1.4728 1.5052
        0.7296 0.6195 0.7071 0.7104 0.6711 0.7084 0.6530 0.6786 0.6901 0.7404 0.7760 0.6703
   2027 1.0643 1.1996 0.9968 0.8554 0.6151 0.5731 0.6218 0.6120 0.7894 0.6684 0.9364 1.0625
        1.4442 1.4987 1.5138 1.6214 1.7983 1.7179 1.7699 1.7512 1.7022 1.7373 1.4728 1.4946
        0.7339 0.6195 0.7071 0.7056 0.6711 0.7044 0.6576 0.6741 0.6901 0.7438 0.7760 0.6655
   4  5
   2023 1.0000 1.0000 1.0000 1.0000 1.0000 1.0000 1.0000 1.0000 1.0000 1.0000 1.0000 1.0000
        1.0000 1.0000 1.0000 1.0000 1.0000 1.0000 1.0000 1.0000 1.0000 1.0000 1.0000 1.0000
        1.0000 1.0000 1.0000 1.0000 1.0000 1.0000 1.0000 1.0000 1.0000 1.0000 1.0000 1.0000
   2024 1.0000 1.0000 1.0000 1.0000 1.0000 1.0000 1.0000 1.0000 1.0000 1.0000 1.0000 1.0000
        1.0000 1.0000 1.0000 1.0000 1.0000 1.0000 1.0000 1.0000 1.0000 1.0000 1.0000 1.0000
        1.0000 1.0000 1.0000 1.0000 1.0000 1.0000 1.0000 1.0000 1.0000 1.0000 1.0000 1.0000
   2025 1.0000 1.0000 1.0000 1.0000 1.0000 1.0000 1.0000 1.0000 1.0000 1.0000 1.0000 1.0000
        1.0000 1.0000 1.0000 1.0000 1.0000 1.0000 1.0000 1.0000 1.0000 1.0000 1.0000 1.0000
        1.0000 1.0000 1.0000 1.0000 1.0000 1.0000 1.0000 1.0000 1.0000 1.0000 1.0000 1.0000
   2026 1.0000 1.0000 1.0000 1.0000 1.0000 1.0000 1.0000 1.0000 1.0000 1.0000 1.0000 1.0000
        1.0000 1.0000 1.0000 1.0000 1.0000 1.0000 1.0000 1.0000 1.0000 1.0000 1.0000 1.0000
        1.0000 1.0000 1.0000 1.0000 1.0000 1.0000 1.0000 1.0000 1.0000 1.0000 1.0000 1.0000
   2027 1.0000 1.0000 1.0000 1.0000 1.0000 1.0000 1.0000 1.0000 1.0000 1.0000 1.0000 1.0000
        1.0000 1.0000 1.0000 1.0000 1.0000 1.0000 1.0000 1.0000 1.0000 1.0000 1.0000 1.0000
        1.0000 1.0000 1.0000 1.0000 1.0000 1.0000 1.0000 1.0000 1.0000 1.0000 1.0000 1.0000
   4  6
   2023 1.0000 1.0000 1.0000 1.0000 1.0000 1.0000 1.0000 1.0000 1.0000 1.0000 1.0000 1.0000
        1.0000 1.0000 1.0000 1.0000 1.0000 1.0000 1.0000 1.0000 1.0000 1.0000 1.0000 1.0000
        1.0000 1.0000 1.0000 1.0000 1.0000 1.0000 1.0000 1.0000 1.0000 1.0000 1.0000 1.0000
   2024 1.0000 1.0000 1.0000 1.0000 1.0000 1.0000 1.0000 1.0000 1.0000 1.0000 1.0000 1.0000
        1.0000 1.0000 1.0000 1.0000 1.0000 1.0000 1.0000 1.0000 1.0000 1.0000 1.0000 1.0000
        1.0000 1.0000 1.0000 1.0000 1.0000 1.0000 1.0000 1.0000 1.0000 1.0000 1.0000 1.0000
   2025 1.0000 1.0000 1.0000 1.0000 1.0000 1.0000 1.0000 1.0000 1.0000 1.0000 1.0000 1.0000
        1.0000 1.0000 1.0000 1.0000 1.0000 1.0000 1.0000 1.0000 1.0000 1.0000 1.0000 1.0000
        1.0000 1.0000 1.0000 1.0000 1.0000 1.0000 1.0000 1.0000 1.0000 1.0000 1.0000 1.0000
   2026 1.0000 1.0000 1.0000 1.0000 1.0000 1.0000 1.0000 1.0000 1.0000 1.0000 1.0000 1.0000
        1.0000 1.0000 1.0000 1.0000 1.0000 1.0000 1.0000 1.0000 1.0000 1.0000 1.0000 1.0000
        1.0000 1.0000 1.0000 1.0000 1.0000 1.0000 1.0000 1.0000 1.0000 1.0000 1.0000 1.0000
   2027 1.0000 1.0000 1.0000 1.0000 1.0000 1.0000 1.0000 1.0000 1.0000 1.0000 1.0000 1.0000
        1.0000 1.0000 1.0000 1.0000 1.0000 1.0000 1.0000 1.0000 1.0000 1.0000 1.0000 1.0000
        1.0000 1.0000 1.0000 1.0000 1.0000 1.0000 1.0000 1.0000 1.0000 1.0000 1.0000 1.0000
   4  7
   2023 1.0000 1.0000 1.0000 1.0000 1.0000 1.0000 1.0000 1.0000 1.0000 1.0000 1.0000 1.0000
        1.0000 1.0000 1.0000 1.0000 1.0000 1.0000 1.0000 1.0000 1.0000 1.0000 1.0000 1.0000
        1.0000 1.0000 1.0000 1.0000 1.0000 1.0000 1.0000 1.0000 1.0000 1.0000 1.0000 1.0000
   2024 1.0000 1.0000 1.0000 1.0000 1.0000 1.0000 1.0000 1.0000 1.0000 1.0000 1.0000 1.0000
        1.0000 1.0000 1.0000 1.0000 1.0000 1.0000 1.0000 1.0000 1.0000 1.0000 1.0000 1.0000
        1.0000 1.0000 1.0000 1.0000 1.0000 1.0000 1.0000 1.0000 1.0000 1.0000 1.0000 1.0000
   2025 1.0000 1.0000 1.0000 1.0000 1.0000 1.0000 1.0000 1.0000 1.0000 1.0000 1.0000 1.0000
        1.0000 1.0000 1.0000 1.0000 1.0000 1.0000 1.0000 1.0000 1.0000 1.0000 1.0000 1.0000
        1.0000 1.0000 1.0000 1.0000 1.0000 1.0000 1.0000 1.0000 1.0000 1.0000 1.0000 1.0000
   2026 1.0000 1.0000 1.0000 1.0000 1.0000 1.0000 1.0000 1.0000 1.0000 1.0000 1.0000 1.0000
        1.0000 1.0000 1.0000 1.0000 1.0000 1.0000 1.0000 1.0000 1.0000 1.0000 1.0000 1.0000
        1.0000 1.0000 1.0000 1.0000 1.0000 1.0000 1.0000 1.0000 1.0000 1.0000 1.0000 1.0000
   2027 1.0000 1.0000 1.0000 1.0000 1.0000 1.0000 1.0000 1.0000 1.0000 1.0000 1.0000 1.0000
        1.0000 1.0000 1.0000 1.0000 1.0000 1.0000 1.0000 1.0000 1.0000 1.0000 1.0000 1.0000
        1.0000 1.0000 1.0000 1.0000 1.0000 1.0000 1.0000 1.0000 1.0000 1.0000 1.0000 1.0000
   4  8
   2023 1.0000 1.0000 1.0000 1.0000 1.0000 1.0000 1.0000 0.5470 0.7954 0.7725 1.0063 1.0416
        1.0000 1.0000 1.0000 1.0000 1.0000 1.0000 1.0000 1.8396 1.6637 1.7055 1.4694 1.4151
        1.0000 1.0000 1.0000 1.0000 1.0000 1.0000 1.0000 0.6288 0.7222 0.7050 0.7420 0.7604
   2024 1.0748 1.0754 1.0719 0.7925 0.5356 0.5403 0.5497 0.5468 0.7956 0.7722 1.0063 1.0415
        1.4972 1.4860 1.3998 1.7633 1.7821 1.7413 1.8422 1.7969 1.7128 1.7975 1.4694 1.4700
        0.6721 0.6874 0.7536 0.6361 0.6988 0.7257 0.6257 0.6722 0.6809 0.6212 0.7420 0.7195
   2025 1.0748 1.0745 1.0719 0.7914 0.5356 0.5403 0.5497 0.5467 0.7957 0.7722 1.0063 1.0414
        1.4972 1.5256 1.3998 1.6654 1.7821 1.7413 1.8422 1.7525 1.7598 1.7975 1.4694 1.5239
        0.6721 0.6536 0.7536 0.7230 0.6988 0.7257 0.6257 0.7128 0.6366 0.6212 0.7420 0.6759
   2026 1.0750 1.0757 1.0709 0.7914 0.5357 0.5407 0.5497 0.5467 0.7956 0.7725 1.0063 1.0414
        1.4445 1.4679 1.5065 1.6654 1.7357 1.7887 1.8422 1.7525 1.7128 1.7055 1.4694 1.5239
        0.7158 0.7020 0.6690 0.7230 0.7373 0.6841 0.6257 0.7128 0.6809 0.7050 0.7420 0.6759
   2027 1.0752 1.0757 1.0709 0.7920 0.5357 0.5411 0.5496 0.5468 0.7956 0.7727 1.0063 1.0413
        1.3907 1.4679 1.5065 1.7153 1.7357 1.8342 1.7997 1.7969 1.7128 1.6569 1.4694 1.5766
        0.7568 0.7020 0.6690 0.6812 0.7373 0.6395 0.6693 0.6722 0.6809 0.7431 0.7420 0.6296
