 NUMERO DE PATAMARES
 XX
  3
ANO   DURACAO MENSAL DOS PATAMARES DE CARGA
      JAN     FEV     MAR     ABR     MAI     JUN     JUL     AGO     SET     OUT     NOV     DEZ   
      X.XXXX  X.XXXX  X.XXXX  X.XXXX  X.XXXX  X.XXXX  X.XXXX  X.XXXX  X.XXXX  X.XXXX  X.XXXX  X.XXXX
2021  0.2151  0.2262  0.2473  0.2778  0.3387  0.3500  0.3548  0.3548  0.2917  0.2688  0.2222  0.2473  
      0.2594  0.2664  0.2796  0.2222  0.1949  0.1958  0.1962  0.1962  0.2250  0.2204  0.2639  0.2796  
      0.5255  0.5074  0.4731  0.5000  0.4664  0.4542  0.4490  0.4490  0.4833  0.5108  0.5139  0.4731  
2022  0.2258  0.2381  0.2366  0.2639  0.3548  0.3500  0.3387  0.3710  0.2917  0.2688  0.2222  0.2366  
      0.2661  0.2738  0.2728  0.2194  0.1962  0.1958  0.1949  0.1976  0.2250  0.2204  0.2639  0.2728  
      0.5081  0.4881  0.4906  0.5167  0.4490  0.4542  0.4664  0.4314  0.4833  0.5108  0.5139  0.4906  
2023  0.2366  0.2262  0.2473  0.2500  0.3548  0.3500  0.3387  0.3710  0.2778  0.2823  0.2222  0.2151  
      0.2728  0.2664  0.2796  0.2167  0.1962  0.1958  0.1949  0.1976  0.2222  0.2231  0.2639  0.2594  
      0.4906  0.5074  0.4731  0.5333  0.4490  0.4542  0.4664  0.4314  0.5000  0.4946  0.5139  0.5255  
2024  0.2366  0.2299  0.2151  0.3056  0.3387  0.3333  0.3710  0.3548  0.2917  0.3091  0.2222  0.2258  
      0.2728  0.2687  0.2594  0.2278  0.1949  0.1944  0.1976  0.1962  0.2250  0.2285  0.2639  0.2661  
      0.4906  0.5014  0.5255  0.4666  0.4664  0.4723  0.4314  0.4490  0.4833  0.4624  0.5139  0.5081  
2025  0.2366  0.2381  0.2151  0.2778  0.3387  0.3333  0.3710  0.3387  0.3056  0.3091  0.2222  0.2366  
      0.2728  0.2738  0.2594  0.2222  0.1949  0.1944  0.1976  0.1949  0.2278  0.2285  0.2639  0.2728  
      0.4906  0.4881  0.5255  0.5000  0.4664  0.4723  0.4314  0.4664  0.4666  0.4624  0.5139  0.4906  
 SUBSISTEMA
 XXX
    ANO                       CARGA(P.U.DEMANDA MED.)
   XXXX X.XXXX X.XXXX X.XXXX X.XXXX X.XXXX X.XXXX X.XXXX X.XXXX X.XXXX X.XXXX X.XXXX X.XXXX
   1
   2021 1.1572 1.1492 1.1442 1.1570 1.1614 1.1571 1.1542 1.1572 1.1573 1.1591 1.1589 1.1353
        1.0727 1.0689 1.0760 1.0796 1.0545 1.0516 1.0499 1.0514 1.0844 1.0822 1.0853 1.0726
        0.8998 0.8973 0.8797 0.8774 0.8600 0.8567 0.8563 0.8533 0.8658 0.8808 0.8875 0.8864
   2022 1.1540 1.1436 1.1497 1.1612 1.1546 1.1571 1.1612 1.1502 1.1568 1.1589 1.1589 1.1356
        1.0706 1.0650 1.0797 1.0830 1.0481 1.0516 1.0568 1.0451 1.0842 1.0829 1.0853 1.0728
        0.8946 0.8935 0.8835 0.8824 0.8568 0.8567 0.8592 0.8502 0.8662 0.8806 0.8875 0.8941
   2023 1.1475 1.1492 1.1433 1.1686 1.1539 1.1567 1.1619 1.1496 1.1603 1.1557 1.1589 1.1471
        1.0658 1.0689 1.0753 1.0883 1.0480 1.0514 1.0570 1.0447 1.0874 1.0806 1.0853 1.0814
        0.8923 0.8973 0.8806 0.8851 0.8574 0.8571 0.8586 0.8509 0.8721 0.8748 0.8875 0.8996
   2024 1.1471 1.1473 1.1602 1.1445 1.1600 1.1639 1.1518 1.1525 1.1614 1.1452 1.1589 1.1451
        1.0652 1.0679 1.0860 1.0706 1.0541 1.0581 1.0447 1.0498 1.0868 1.0733 1.0853 1.0802
        0.8928 0.8961 0.8920 0.8709 0.8612 0.8604 0.8490 0.8577 0.8622 0.8667 0.8875 0.8935
   2025 1.1467 1.1436 1.1606 1.1570 1.1570 1.1648 1.1513 1.1595 1.1502 1.1413 1.1589 1.1397
        1.0647 1.0650 1.0865 1.0794 1.0531 1.0587 1.0446 1.0566 1.0798 1.0711 1.0853 1.0758
        0.8933 0.8935 0.8916 0.8775 0.8638 0.8595 0.8495 0.8605 0.8627 0.8704 0.8875 0.8905
   2
   2021 1.2284 1.2150 1.2107 1.2176 1.2071 1.1972 1.1950 1.1988 1.2042 1.2168 1.2290 1.1883
        1.0783 1.0662 1.0779 1.0842 1.0792 1.0806 1.0777 1.0789 1.0990 1.1003 1.1024 1.0747
        0.8679 0.8694 0.8438 0.8417 0.8165 0.8133 0.8119 0.8084 0.8307 0.8426 0.8484 0.8574
   2022 1.2229 1.2090 1.2177 1.2242 1.1961 1.1970 1.2059 1.1878 1.2036 1.2171 1.2290 1.1889
        1.0753 1.0627 1.0817 1.0883 1.0721 1.0807 1.0856 1.0714 1.0989 1.1018 1.1024 1.0745
        0.8615 0.8629 0.8496 0.8480 0.8135 0.8134 0.8147 0.8058 0.8311 0.8418 0.8484 0.8675
   2023 1.2126 1.2150 1.2101 1.2362 1.1954 1.1966 1.2072 1.1870 1.2099 1.2112 1.2290 1.2067
        1.0685 1.0662 1.0770 1.0957 1.0717 1.0805 1.0855 1.0712 1.1030 1.0988 1.1024 1.0863
        0.8594 0.8694 0.8447 0.8504 0.8142 0.8138 0.8138 0.8066 0.8376 0.8349 0.8484 0.8728
   2024 1.2116 1.2125 1.2346 1.1974 1.2043 1.2075 1.1903 1.1927 1.2097 1.1933 1.2290 1.2032
        1.0679 1.0647 1.0911 1.0728 1.0781 1.0875 1.0733 1.0757 1.1030 1.0884 1.1024 1.0851
        0.8602 0.8679 0.8590 0.8352 0.8190 0.8175 0.8028 0.8146 0.8255 0.8271 0.8484 0.8651
   2025 1.2111 1.2090 1.2347 1.2176 1.2012 1.2090 1.1895 1.2037 1.1936 1.1883 1.2290 1.1946
        1.0669 1.0627 1.0917 1.0839 1.0763 1.0886 1.0731 1.0834 1.0931 1.0852 1.1024 1.0789
        0.8610 0.8629 0.8587 0.8418 0.8220 0.8160 0.8036 0.8172 0.8278 0.8320 0.8484 0.8623
   3
   2021 1.1108 1.1029 1.0887 1.0945 1.0909 1.0810 1.0803 1.0877 1.0923 1.0970 1.1119 1.0887
        1.0429 1.0467 1.0549 1.0641 1.0428 1.0380 1.0392 1.0414 1.0616 1.0576 1.0481 1.0366
        0.9335 0.9296 0.9212 0.9190 0.9161 0.9212 0.9194 0.9126 0.9156 0.9241 0.9269 0.9320
   2022 1.1092 1.0975 1.0933 1.0973 1.0865 1.0808 1.0843 1.0832 1.0923 1.0974 1.1119 1.0876
        1.0406 1.0425 1.0585 1.0666 1.0385 1.0381 1.0437 1.0373 1.0614 1.0580 1.0481 1.0368
        0.9302 0.9286 0.9225 0.9220 0.9148 0.9213 0.9205 0.9114 0.9157 0.9237 0.9269 0.9373
   2023 1.1048 1.1029 1.0878 1.1023 1.0863 1.0805 1.0847 1.0828 1.0942 1.0955 1.1119 1.0952
        1.0364 1.0467 1.0545 1.0705 1.0384 1.0382 1.0438 1.0371 1.0638 1.0556 1.0481 1.0436
        0.9292 0.9296 0.9219 0.9234 0.9150 0.9215 0.9202 0.9118 0.9193 0.9204 0.9269 0.9395
   2024 1.1044 1.1020 1.1004 1.0860 1.0905 1.0850 1.0791 1.0844 1.0954 1.0891 1.1119 1.0946
        1.0361 1.0456 1.0640 1.0575 1.0423 1.0428 1.0360 1.0402 1.0634 1.0502 1.0481 1.0425
        0.9296 0.9288 0.9273 0.9156 0.9166 0.9224 0.9155 0.9157 0.9129 0.9156 0.9269 0.9357
   2025 1.1040 1.0975 1.1007 1.0952 1.0879 1.0854 1.0789 1.0887 1.0880 1.0863 1.1119 1.0911
        1.0359 1.0425 1.0642 1.0639 1.0416 1.0426 1.0359 1.0447 1.0583 1.0488 1.0481 1.0391
        0.9299 0.9286 0.9271 0.9187 0.9188 0.9222 0.9157 0.9169 0.9139 0.9182 0.9269 0.9343
   4
   2021 1.0509 1.0477 1.0478 1.0577 1.0653 1.0586 1.0446 1.0541 1.0515 1.0501 1.0496 1.0330
        1.0275 1.0317 1.0396 1.0458 1.0153 1.0094 1.0083 1.0065 1.0413 1.0358 1.0299 1.0212
        0.9656 0.9621 0.9516 0.9476 0.9462 0.9508 0.9611 0.9544 0.9497 0.9582 0.9632 0.9702
   2022 1.0499 1.0442 1.0508 1.0600 1.0619 1.0586 1.0476 1.0508 1.0509 1.0500 1.0496 1.0328
        1.0258 1.0288 1.0426 1.0472 1.0118 1.0094 1.0113 1.0035 1.0410 1.0361 1.0299 1.0215
        0.9643 0.9623 0.9518 0.9493 0.9459 0.9508 0.9607 0.9547 0.9502 0.9581 0.9632 0.9722
   2023 1.0467 1.0477 1.0472 1.0640 1.0614 1.0586 1.0480 1.0505 1.0528 1.0485 1.0496 1.0377
        1.0228 1.0317 1.0395 1.0500 1.0116 1.0094 1.0116 1.0034 1.0424 1.0353 1.0299 1.0267
        0.9648 0.9621 0.9520 0.9497 0.9464 0.9508 0.9603 0.9550 0.9518 0.9564 0.9632 0.9714
   2024 1.0463 1.0469 1.0557 1.0517 1.0653 1.0616 1.0435 1.0522 1.0534 1.0439 1.0496 1.0369
        1.0226 1.0310 1.0472 1.0417 1.0148 1.0124 1.0063 1.0054 1.0425 1.0321 1.0299 1.0256
        0.9651 0.9619 0.9539 0.9458 0.9464 0.9514 0.9597 0.9564 0.9480 0.9548 0.9632 0.9702
   2025 1.0463 1.0442 1.0561 1.0586 1.0632 1.0626 1.0432 1.0555 1.0484 1.0424 1.0496 1.0349
        1.0226 1.0288 1.0471 1.0458 1.0141 1.0129 1.0062 1.0086 1.0396 1.0311 1.0299 1.0233
        0.9651 0.9623 0.9538 0.9471 0.9482 0.9505 0.9600 0.9561 0.9490 0.9563 0.9632 0.9702
9999
 SUBSISTEMA
   A ->B
 XXX XXX
                             INTERCAMBIO(P.U.INTERC.MEDIO)
 X.XXXX X.XXXX X.XXXX X.XXXX X.XXXX X.XXXX X.XXXX X.XXXX X.XXXX X.XXXX X.XXXX X.XXXX
   1   2
   2021 1.0000 1.0000 1.0000 1.0000 1.0000 1.0000 1.0000 1.0000 0.9812 1.0357 0.9589 0.9621
        1.0000 1.0000 1.0000 1.0000 1.0000 1.0000 1.0000 1.0000 0.9812 0.9869 0.9589 0.9621
        1.0000 1.0000 1.0000 1.0000 1.0000 1.0000 1.0000 1.0000 1.0201 0.9869 1.0388 1.0422
   2022 0.9594 0.9609 0.9607 0.9587 0.9639 0.9635 0.9626 0.9653 0.9440 0.9410 0.9406 0.9432
        0.9594 0.9609 0.9607 0.9587 0.9639 0.9635 0.9626 0.9653 0.9440 0.9410 0.9406 0.9432
        1.0393 1.0410 1.0408 1.0386 1.0443 1.0438 1.0428 1.0457 1.0599 1.0565 1.0562 1.0590
   2023 0.9432 0.9413 0.9451 0.9385 0.9477 0.9472 0.9458 0.9497 0.9421 0.9427 0.9406 0.9394
        0.9432 0.9413 0.9451 0.9385 0.9477 0.9472 0.9458 0.9497 0.9421 0.9427 0.9406 0.9394
        1.0590 1.0569 1.0612 1.0538 1.0641 1.0635 1.0620 1.0663 1.0579 1.0585 1.0562 1.0547
   2024 0.9432 0.9420 0.9394 0.9458 0.9458 0.9452 0.9497 0.9477 0.9440 0.9463 0.9406 0.9413
        0.9432 0.9420 0.9394 0.9458 0.9458 0.9452 0.9497 0.9477 0.9440 0.9463 0.9406 0.9413
        1.0590 1.0577 1.0547 1.0620 1.0620 1.0613 1.0663 1.0641 1.0599 1.0625 1.0562 1.0569
   2025 0.9432 0.9434 0.9394 0.9421 0.9458 0.9452 0.9497 0.9458 0.9458 0.9463 0.9406 0.9432
        0.9432 0.9434 0.9394 0.9421 0.9458 0.9452 0.9497 0.9458 0.9458 0.9463 0.9406 0.9432
        1.0590 1.0593 1.0547 1.0579 1.0620 1.0613 1.0663 1.0620 1.0620 1.0625 1.0562 1.0590
   2   1
   2021 1.0000 1.0000 1.0000 1.0000 1.0000 1.0000 1.0000 1.0000 0.9683 0.8960 0.8558 0.8653
        1.0000 1.0000 1.0000 1.0000 1.0000 1.0000 1.0000 1.0000 1.0130 1.0058 0.8674 0.8771
        1.0000 1.0000 1.0000 1.0000 1.0000 1.0000 1.0000 1.0000 1.0130 1.0522 1.1304 1.1430
   2022 0.8572 0.8618 0.8915 0.8871 0.9003 0.8993 0.8969 0.9102 0.9005 0.8955 0.8949 0.8992
        0.8688 0.8735 0.9023 0.8978 0.9113 0.9102 0.9078 0.9102 0.9005 0.8955 0.8949 0.8992
        1.1322 1.1384 1.1066 1.1011 1.1175 1.1163 1.1134 1.1183 1.1064 1.1001 1.0994 1.1047
   2023 0.8992 0.8961 0.9024 0.8913 0.9069 0.9059 0.9037 0.9102 0.8974 0.8984 0.8949 0.8928
        0.8992 0.8961 0.9024 0.8913 0.9069 0.9059 0.9037 0.9102 0.8974 0.8984 0.8949 0.8928
        1.1047 1.1009 1.1087 1.0951 1.1142 1.1130 1.1102 1.1183 1.1026 1.1038 1.0994 1.0968
   2024 0.8992 0.8972 0.8928 0.9036 0.9037 0.9026 0.9102 0.9069 0.9005 0.9044 0.8949 0.8959
        0.8992 0.8972 0.8928 0.9036 0.9037 0.9026 0.9102 0.9069 0.9005 0.9044 0.8949 0.8959
        1.1047 1.1022 1.0968 1.1102 1.1102 1.1089 1.1183 1.1142 1.1064 1.1111 1.0994 1.1007
   2025 0.8992 0.8996 0.8928 0.8974 0.9037 0.9026 0.9102 0.9037 0.9036 0.9044 0.8949 0.8992
        0.8992 0.8996 0.8928 0.8974 0.9037 0.9026 0.9102 0.9037 0.9036 0.9044 0.8949 0.8992
        1.1047 1.1053 1.0968 1.1026 1.1102 1.1089 1.1183 1.1102 1.1102 1.1111 1.0994 1.1047
   1  11
   2021 1.0000 1.0000 1.0000 1.0000 1.0000 1.0000 1.0000 1.0000 1.0000 1.0000 1.0000 1.0000
        1.0000 1.0000 1.0000 1.0000 1.0000 1.0000 1.0000 1.0000 1.0000 1.0000 1.0000 1.0000
        1.0000 1.0000 1.0000 1.0000 1.0000 1.0000 1.0000 1.0000 1.0000 1.0000 1.0000 1.0000
   2022 1.0000 1.0000 1.0000 1.0000 1.0000 1.0000 1.0000 1.0000 1.0000 1.0000 1.0000 1.0000
        1.0000 1.0000 1.0000 1.0000 1.0000 1.0000 1.0000 1.0000 1.0000 1.0000 1.0000 1.0000
        1.0000 1.0000 1.0000 1.0000 1.0000 1.0000 1.0000 1.0000 1.0000 1.0000 1.0000 1.0000
   2023 1.0000 1.0000 1.0000 1.0000 1.0000 1.0000 1.0000 1.0000 1.0000 1.0000 1.0000 1.0000
        1.0000 1.0000 1.0000 1.0000 1.0000 1.0000 1.0000 1.0000 1.0000 1.0000 1.0000 1.0000
        1.0000 1.0000 1.0000 1.0000 1.0000 1.0000 1.0000 1.0000 1.0000 1.0000 1.0000 1.0000
   2024 1.0000 1.0000 1.0000 1.0000 1.0000 1.0000 1.0000 1.0000 1.0000 1.0000 1.0000 1.0000
        1.0000 1.0000 1.0000 1.0000 1.0000 1.0000 1.0000 1.0000 1.0000 1.0000 1.0000 1.0000
        1.0000 1.0000 1.0000 1.0000 1.0000 1.0000 1.0000 1.0000 1.0000 1.0000 1.0000 1.0000
   2025 1.0000 1.0000 1.0000 1.0000 1.0000 1.0000 1.0000 1.0000 1.0000 1.0000 1.0000 1.0000
        1.0000 1.0000 1.0000 1.0000 1.0000 1.0000 1.0000 1.0000 1.0000 1.0000 1.0000 1.0000
        1.0000 1.0000 1.0000 1.0000 1.0000 1.0000 1.0000 1.0000 1.0000 1.0000 1.0000 1.0000
  11   1
   2021 1.0000 1.0000 1.0000 1.0000 1.0000 1.0000 1.0000 1.0000 1.0000 1.0000 1.0000 1.0000
        1.0000 1.0000 1.0000 1.0000 1.0000 1.0000 1.0000 1.0000 1.0000 1.0000 1.0000 1.0000
        1.0000 1.0000 1.0000 1.0000 1.0000 1.0000 1.0000 1.0000 1.0000 1.0000 1.0000 1.0000
   2022 1.0000 1.0000 1.0000 1.0000 1.0000 1.0000 1.0000 1.0000 1.0000 1.0000 1.0000 1.0000
        1.0000 1.0000 1.0000 1.0000 1.0000 1.0000 1.0000 1.0000 1.0000 1.0000 1.0000 1.0000
        1.0000 1.0000 1.0000 1.0000 1.0000 1.0000 1.0000 1.0000 1.0000 1.0000 1.0000 1.0000
   2023 1.0000 1.0000 1.0000 1.0000 1.0000 1.0000 1.0000 1.0000 1.0000 1.0000 1.0000 1.0000
        1.0000 1.0000 1.0000 1.0000 1.0000 1.0000 1.0000 1.0000 1.0000 1.0000 1.0000 1.0000
        1.0000 1.0000 1.0000 1.0000 1.0000 1.0000 1.0000 1.0000 1.0000 1.0000 1.0000 1.0000
   2024 1.0000 1.0000 1.0000 1.0000 1.0000 1.0000 1.0000 1.0000 1.0000 1.0000 1.0000 1.0000
        1.0000 1.0000 1.0000 1.0000 1.0000 1.0000 1.0000 1.0000 1.0000 1.0000 1.0000 1.0000
        1.0000 1.0000 1.0000 1.0000 1.0000 1.0000 1.0000 1.0000 1.0000 1.0000 1.0000 1.0000
   2025 1.0000 1.0000 1.0000 1.0000 1.0000 1.0000 1.0000 1.0000 1.0000 1.0000 1.0000 1.0000
        1.0000 1.0000 1.0000 1.0000 1.0000 1.0000 1.0000 1.0000 1.0000 1.0000 1.0000 1.0000
        1.0000 1.0000 1.0000 1.0000 1.0000 1.0000 1.0000 1.0000 1.0000 1.0000 1.0000 1.0000
   3  11
   2021 1.0000 1.0000 1.0000 1.0000 1.0000 1.0000 1.0000 1.0000 1.0000 1.0000 1.0000 1.0000
        1.0000 1.0000 1.0000 1.0000 1.0000 1.0000 1.0000 1.0000 1.0000 1.0000 1.0000 1.0000
        1.0000 1.0000 1.0000 1.0000 1.0000 1.0000 1.0000 1.0000 1.0000 1.0000 1.0000 1.0000
   2022 1.0000 1.0000 1.0000 1.0000 1.0000 1.0000 1.0000 1.0000 1.0000 1.0000 1.0000 1.0000
        1.0000 1.0000 1.0000 1.0000 1.0000 1.0000 1.0000 1.0000 1.0000 1.0000 1.0000 1.0000
        1.0000 1.0000 1.0000 1.0000 1.0000 1.0000 1.0000 1.0000 1.0000 1.0000 1.0000 1.0000
   2023 1.0000 1.0000 1.0000 1.0000 1.0389 1.0392 1.0399 1.0378 1.0437 1.0212 1.0231 1.0233
        1.0000 1.0000 1.0000 1.0000 0.9786 0.9789 0.9796 0.9777 0.9832 0.9916 0.9934 0.9936
        1.0000 1.0000 1.0000 1.0000 0.9786 0.9789 0.9796 0.9777 0.9832 0.9916 0.9934 0.9936
   2024 1.0226 1.0228 1.0233 1.0205 1.0195 1.0197 1.0186 1.0191 1.0210 1.0204 1.0231 1.0230
        0.9930 0.9932 0.9936 0.9910 0.9900 0.9901 0.9890 0.9895 0.9914 0.9909 0.9934 0.9933
        0.9930 0.9932 0.9936 0.9910 0.9900 0.9901 0.9890 0.9895 0.9914 0.9909 0.9934 0.9933
   2025 1.0226 1.0226 1.0233 1.0214 1.0195 1.0197 1.0186 1.0195 1.0205 1.0204 1.0231 1.0226
        0.9930 0.9929 0.9936 0.9918 0.9900 0.9901 0.9890 0.9900 0.9910 0.9909 0.9934 0.9930
        0.9930 0.9929 0.9936 0.9918 0.9900 0.9901 0.9890 0.9900 0.9910 0.9909 0.9934 0.9930
  11   3
   2021 1.0000 1.0000 1.0000 1.0000 1.0000 1.0000 1.0000 1.0000 1.0000 1.0000 1.0000 1.0000
        1.0000 1.0000 1.0000 1.0000 1.0000 1.0000 1.0000 1.0000 1.0000 1.0000 1.0000 1.0000
        1.0000 1.0000 1.0000 1.0000 1.0000 1.0000 1.0000 1.0000 1.0000 1.0000 1.0000 1.0000
   2022 1.0000 1.0000 1.0000 1.0000 1.0000 1.0000 1.0000 1.0000 1.0000 1.0000 1.0000 1.0000
        1.0000 1.0000 1.0000 1.0000 1.0000 1.0000 1.0000 1.0000 1.0000 1.0000 1.0000 1.0000
        1.0000 1.0000 1.0000 1.0000 1.0000 1.0000 1.0000 1.0000 1.0000 1.0000 1.0000 1.0000
   2023 1.0000 1.0000 1.0000 1.0000 1.0000 1.0000 1.0000 1.0000 1.0000 1.0000 1.0000 1.0000
        1.0000 1.0000 1.0000 1.0000 1.0000 1.0000 1.0000 1.0000 1.0000 1.0000 1.0000 1.0000
        1.0000 1.0000 1.0000 1.0000 1.0000 1.0000 1.0000 1.0000 1.0000 1.0000 1.0000 1.0000
   2024 1.0000 1.0000 1.0000 1.0000 1.0000 1.0000 1.0000 1.0000 1.0000 1.0000 1.0000 1.0000
        1.0000 1.0000 1.0000 1.0000 1.0000 1.0000 1.0000 1.0000 1.0000 1.0000 1.0000 1.0000
        1.0000 1.0000 1.0000 1.0000 1.0000 1.0000 1.0000 1.0000 1.0000 1.0000 1.0000 1.0000
   2025 1.0000 1.0000 1.0000 1.0000 1.0000 1.0000 1.0000 1.0000 1.0000 1.0000 1.0000 1.0000
        1.0000 1.0000 1.0000 1.0000 1.0000 1.0000 1.0000 1.0000 1.0000 1.0000 1.0000 1.0000
        1.0000 1.0000 1.0000 1.0000 1.0000 1.0000 1.0000 1.0000 1.0000 1.0000 1.0000 1.0000
   4  11
   2021 1.0000 1.0000 1.0000 1.0000 1.0000 1.0000 1.0000 1.0000 1.0000 1.0000 1.0000 1.0000
        1.0000 1.0000 1.0000 1.0000 1.0000 1.0000 1.0000 1.0000 1.0000 1.0000 1.0000 1.0000
        1.0000 1.0000 1.0000 1.0000 1.0000 1.0000 1.0000 1.0000 1.0000 1.0000 1.0000 1.0000
   2022 1.0000 1.0000 1.0000 1.0000 1.0000 1.0000 1.0000 1.0000 1.0000 1.0000 1.0000 1.0000
        1.0000 1.0000 1.0000 1.0000 1.0000 1.0000 1.0000 1.0000 1.0000 1.0000 1.0000 1.0000
        1.0000 1.0000 1.0000 1.0000 1.0000 1.0000 1.0000 1.0000 1.0000 1.0000 1.0000 1.0000
   2023 1.0000 1.0000 1.0000 1.0000 1.0000 1.0000 1.0000 1.0000 1.0000 1.0000 1.0000 1.0000
        1.0000 1.0000 1.0000 1.0000 1.0000 1.0000 1.0000 1.0000 1.0000 1.0000 1.0000 1.0000
        1.0000 1.0000 1.0000 1.0000 1.0000 1.0000 1.0000 1.0000 1.0000 1.0000 1.0000 1.0000
   2024 1.0000 1.0000 1.0000 1.0000 1.0000 1.0000 1.0000 1.0000 1.0000 1.0000 1.0000 1.0000
        1.0000 1.0000 1.0000 1.0000 1.0000 1.0000 1.0000 1.0000 1.0000 1.0000 1.0000 1.0000
        1.0000 1.0000 1.0000 1.0000 1.0000 1.0000 1.0000 1.0000 1.0000 1.0000 1.0000 1.0000
   2025 1.0000 1.0000 1.0000 1.0000 1.0000 1.0000 1.0000 1.0000 1.0000 1.0000 1.0000 1.0000
        1.0000 1.0000 1.0000 1.0000 1.0000 1.0000 1.0000 1.0000 1.0000 1.0000 1.0000 1.0000
        1.0000 1.0000 1.0000 1.0000 1.0000 1.0000 1.0000 1.0000 1.0000 1.0000 1.0000 1.0000
  11   4
   2021 1.0000 1.0000 1.0000 1.0000 1.0000 1.0000 1.0000 1.0000 1.0640 1.0622 1.0616 1.0414
        1.0000 1.0000 1.0000 1.0000 1.0000 1.0000 1.0000 1.0000 1.0513 1.0445 1.0372 1.0266
        1.0000 1.0000 1.0000 1.0000 1.0000 1.0000 1.0000 1.0000 0.9375 0.9481 0.9543 0.9627
   2022 1.0626 1.0551 1.0631 1.0747 1.0769 1.0731 1.0596 1.0629 1.0628 1.0617 1.0612 1.0408
        1.0324 1.0359 1.0529 1.0588 1.0147 1.0117 1.0142 1.0043 1.0506 1.0446 1.0369 1.0268
        0.9552 0.9529 0.9401 0.9369 0.9328 0.9386 0.9508 0.9439 0.9386 0.9483 0.9546 0.9654
   2023 1.0581 1.0591 1.0582 1.0791 1.0757 1.0725 1.0596 1.0621 1.0647 1.0594 1.0608 1.0466
        1.0284 1.0393 1.0487 1.0618 1.0143 1.0116 1.0144 1.0042 1.0519 1.0432 1.0366 1.0330
        0.9562 0.9531 0.9408 0.9378 0.9339 0.9391 0.9507 0.9447 0.9410 0.9466 0.9549 0.9647
   2024 1.0571 1.0576 1.0681 1.0633 1.0798 1.0756 1.0536 1.0637 1.0649 1.0533 1.0603 1.0452
        1.0279 1.0380 1.0577 1.0511 1.0181 1.0152 1.0078 1.0066 1.0516 1.0390 1.0363 1.0313
        0.9570 0.9532 0.9436 0.9336 0.9345 0.9404 0.9504 0.9468 0.9368 0.9451 0.9553 0.9635
   2025 1.0567 1.0538 1.0682 1.0712 1.0767 1.0763 1.0528 1.0672 1.0584 1.0512 1.0599 1.0424
        1.0277 1.0350 1.0573 1.0557 1.0171 1.0157 1.0076 1.0104 1.0477 1.0375 1.0361 1.0283
        0.9573 0.9541 0.9438 0.9357 0.9371 0.9397 0.9511 0.9468 0.9385 0.9473 0.9556 0.9638
   1   3
   2021 1.0000 1.0000 1.0000 1.0000 1.0000 1.0000 1.0000 1.0000 1.0000 1.0000 1.0000 1.0000
        1.0000 1.0000 1.0000 1.0000 1.0000 1.0000 1.0000 1.0000 1.0000 1.0000 1.0000 1.0000
        1.0000 1.0000 1.0000 1.0000 1.0000 1.0000 1.0000 1.0000 1.0000 1.0000 1.0000 1.0000
   2022 1.0000 1.0000 1.0000 1.0000 1.0000 0.9788 0.9783 0.9799 0.9775 0.9763 0.9761 0.9772
        1.0000 1.0000 1.0000 1.0000 1.0000 0.9788 0.9783 0.9799 0.9775 0.9763 0.9761 0.9772
        1.0000 1.0000 1.0000 1.0000 1.0000 1.0254 1.0249 1.0265 1.0241 1.0227 1.0226 1.0237
   2023 0.9772 0.9764 0.9780 0.9752 0.9791 0.9788 0.9783 0.9799 0.9767 1.0000 1.0000 1.0000
        0.9772 0.9764 0.9780 0.9752 0.9791 0.9788 0.9783 0.9799 0.9767 1.0000 1.0000 1.0000
        1.0237 1.0229 1.0245 1.0217 1.0257 1.0254 1.0249 1.0265 1.0233 1.0000 1.0000 1.0000
   2024 1.0000 1.0000 1.0000 1.0000 1.0000 1.0000 1.0000 1.0000 1.0000 1.0000 1.0000 1.0000
        1.0000 1.0000 1.0000 1.0000 1.0000 1.0000 1.0000 1.0000 1.0000 1.0000 1.0000 1.0000
        1.0000 1.0000 1.0000 1.0000 1.0000 1.0000 1.0000 1.0000 1.0000 1.0000 1.0000 1.0000
   2025 1.0000 1.0000 1.0000 1.0000 1.0000 1.0000 1.0000 1.0000 1.0000 1.0000 1.0000 1.0000
        1.0000 1.0000 1.0000 1.0000 1.0000 1.0000 1.0000 1.0000 1.0000 1.0000 1.0000 1.0000
        1.0000 1.0000 1.0000 1.0000 1.0000 1.0000 1.0000 1.0000 1.0000 1.0000 1.0000 1.0000
   3   1
   2021 1.0000 1.0000 1.0000 1.0000 1.0000 1.0000 1.0000 1.0000 1.0000 1.0000 1.0000 1.0000
        1.0000 1.0000 1.0000 1.0000 1.0000 1.0000 1.0000 1.0000 1.0000 1.0000 1.0000 1.0000
        1.0000 1.0000 1.0000 1.0000 1.0000 1.0000 1.0000 1.0000 1.0000 1.0000 1.0000 1.0000
   2022 1.0000 1.0000 1.0000 1.0000 1.0000 1.0000 1.0000 1.0000 1.0000 1.0000 1.0000 1.0000
        1.0000 1.0000 1.0000 1.0000 1.0000 1.0000 1.0000 1.0000 1.0000 1.0000 1.0000 1.0000
        1.0000 1.0000 1.0000 1.0000 1.0000 1.0000 1.0000 1.0000 1.0000 1.0000 1.0000 1.0000
   2023 1.0000 1.0000 1.0000 1.0000 1.0065 1.0065 1.0067 1.0062 1.0072 1.0446 1.0493 1.0495
        1.0000 1.0000 1.0000 1.0000 1.0065 1.0065 1.0067 1.0062 1.0072 0.9565 0.9608 0.9610
        1.0000 1.0000 1.0000 1.0000 0.9921 0.9922 0.9923 0.9918 0.9928 0.9942 0.9988 0.9990
   2024 1.0489 1.0491 1.0495 1.0435 1.0405 1.0408 1.0389 1.0397 1.0441 1.0434 1.0493 1.0492
        0.9605 0.9606 0.9610 0.9555 0.9527 0.9530 0.9513 0.9520 0.9561 0.9554 0.9608 0.9607
        0.9984 0.9986 0.9990 0.9932 0.9903 0.9906 0.9888 0.9896 0.9938 0.9931 0.9988 0.9987
   2025 1.0489 1.0489 1.0495 1.0448 1.0405 1.0408 1.0389 1.0405 1.0435 1.0434 1.0493 1.0489
        0.9605 0.9604 0.9610 0.9566 0.9527 0.9530 0.9513 0.9527 0.9555 0.9554 0.9608 0.9605
        0.9984 0.9983 0.9990 0.9944 0.9903 0.9906 0.9888 0.9903 0.9932 0.9931 0.9988 0.9984
   1   4
   2021 1.0000 1.0000 1.0000 1.0000 1.0000 1.0000 1.0000 1.0000 1.0000 1.0000 1.0000 1.0000
        1.0000 1.0000 1.0000 1.0000 1.0000 1.0000 1.0000 1.0000 1.0000 1.0000 1.0000 1.0000
        1.0000 1.0000 1.0000 1.0000 1.0000 1.0000 1.0000 1.0000 1.0000 1.0000 1.0000 1.0000
   2022 1.0000 1.0000 1.0000 1.0000 1.0000 1.0000 1.0000 1.0000 1.0000 1.0000 1.0000 1.0000
        1.0000 1.0000 1.0000 1.0000 1.0000 1.0000 1.0000 1.0000 1.0000 1.0000 1.0000 1.0000
        1.0000 1.0000 1.0000 1.0000 1.0000 1.0000 1.0000 1.0000 1.0000 1.0000 1.0000 1.0000
   2023 1.0000 1.0000 1.0000 1.0000 1.0000 1.0000 1.0000 1.0000 1.0000 1.0000 1.0000 1.0000
        1.0000 1.0000 1.0000 1.0000 1.0000 1.0000 1.0000 1.0000 1.0000 1.0000 1.0000 1.0000
        1.0000 1.0000 1.0000 1.0000 1.0000 1.0000 1.0000 1.0000 1.0000 1.0000 1.0000 1.0000
   2024 1.0000 1.0000 1.0000 1.0000 1.0000 1.0000 1.0000 1.0000 1.0000 1.0000 1.0000 1.0000
        1.0000 1.0000 1.0000 1.0000 1.0000 1.0000 1.0000 1.0000 1.0000 1.0000 1.0000 1.0000
        1.0000 1.0000 1.0000 1.0000 1.0000 1.0000 1.0000 1.0000 1.0000 1.0000 1.0000 1.0000
   2025 1.0000 1.0000 1.0000 1.0000 1.0000 1.0000 1.0000 1.0000 1.0000 1.0000 1.0000 1.0000
        1.0000 1.0000 1.0000 1.0000 1.0000 1.0000 1.0000 1.0000 1.0000 1.0000 1.0000 1.0000
        1.0000 1.0000 1.0000 1.0000 1.0000 1.0000 1.0000 1.0000 1.0000 1.0000 1.0000 1.0000
   4   1
   2021 1.0000 1.0000 1.0000 1.0000 1.0000 1.0000 1.0000 1.0000 1.0000 1.0000 1.0000 1.0000
        1.0000 1.0000 1.0000 1.0000 1.0000 1.0000 1.0000 1.0000 1.0000 1.0000 1.0000 1.0000
        1.0000 1.0000 1.0000 1.0000 1.0000 1.0000 1.0000 1.0000 1.0000 1.0000 1.0000 1.0000
   2022 1.0000 1.0000 1.0000 1.0000 1.0000 1.0000 1.0496 1.0553 1.0627 1.0649 1.0588 1.0501
        1.0000 1.0000 1.0000 1.0000 1.0000 1.0000 0.9746 0.9674 0.9742 0.9761 0.9832 0.9845
        1.0000 1.0000 1.0000 1.0000 1.0000 1.0000 0.9746 0.9674 0.9742 0.9761 0.9832 0.9845
   2023 1.0000 1.0000 1.0000 1.0000 1.0000 1.0000 1.0496 1.0553 1.0640 1.0636 1.0588 1.0516
        1.0000 1.0000 1.0000 1.0000 1.0000 1.0000 0.9746 0.9674 0.9754 0.9750 0.9832 0.9859
        1.0000 1.0000 1.0000 1.0000 1.0000 1.0000 0.9746 0.9674 0.9754 0.9750 0.9832 0.9859
   2024 1.0000 1.0000 1.0000 1.0000 1.0000 1.0000 1.0470 1.0568 1.0627 1.0611 1.0588 1.0508
        1.0000 1.0000 1.0000 1.0000 1.0000 1.0000 0.9723 0.9688 0.9742 0.9727 0.9832 0.9852
        1.0000 1.0000 1.0000 1.0000 1.0000 1.0000 0.9723 0.9688 0.9742 0.9727 0.9832 0.9852
   2025 1.0000 1.0000 1.0000 1.0000 1.0000 1.0000 1.0470 1.0583 1.0614 1.0611 1.0588 1.0501
        1.0000 1.0000 1.0000 1.0000 1.0000 1.0000 0.9723 0.9701 0.9730 0.9727 0.9832 0.9845
        1.0000 1.0000 1.0000 1.0000 1.0000 1.0000 0.9723 0.9701 0.9730 0.9727 0.9832 0.9845
9999
 SBM  BLOCO
 XXX XXX
    ANO                 BLOCO DE USINAS NAO SIMULADAS (P.U. MONTANTE MED.)
   XXXX X.XXXX X.XXXX X.XXXX X.XXXX X.XXXX X.XXXX X.XXXX X.XXXX X.XXXX X.XXXX X.XXXX X.XXXX
   1  1
   2021 1.0000 1.0000 1.0000 1.0000 1.0000 1.0000 1.0000 1.0000 1.0140 1.0111 0.9983 0.9921
        1.0000 1.0000 1.0000 1.0000 1.0000 1.0000 1.0000 1.0000 1.0184 1.0206 1.0187 1.0083
        1.0000 1.0000 1.0000 1.0000 1.0000 1.0000 1.0000 1.0000 0.9830 0.9853 0.9911 0.9992
   2022 1.0019 0.9965 0.9956 1.0055 1.0095 1.0170 1.0209 1.0196 1.0140 1.0112 0.9984 0.9922
        1.0123 1.0089 1.0063 1.0073 1.0033 1.0055 1.0065 1.0036 1.0183 1.0205 1.0187 1.0083
        0.9927 0.9967 0.9987 0.9941 0.9910 0.9845 0.9821 0.9815 0.9830 0.9853 0.9911 0.9991
   2023 1.0018 0.9967 0.9957 1.0057 1.0095 1.0170 1.0209 1.0195 1.0146 1.0108 0.9986 0.9924
        1.0121 1.0090 1.0062 1.0074 1.0033 1.0055 1.0065 1.0036 1.0188 1.0200 1.0187 1.0083
        0.9924 0.9968 0.9986 0.9943 0.9910 0.9845 0.9821 0.9815 0.9835 0.9848 0.9910 0.9990
   2024 1.0019 0.9968 0.9959 1.0050 1.0098 1.0176 1.0196 1.0202 1.0141 1.0099 0.9987 0.9925
        1.0120 1.0089 1.0063 1.0066 1.0036 1.0061 1.0052 1.0043 1.0182 1.0191 1.0187 1.0083
        0.9924 0.9967 0.9986 0.9935 0.9914 0.9851 0.9808 0.9822 0.9830 0.9839 0.9910 0.9990
   2025 1.0021 0.9969 0.9960 1.0054 1.0098 1.0176 1.0195 1.0208 1.0136 1.0100 0.9989 0.9926
        1.0120 1.0089 1.0063 1.0070 1.0035 1.0060 1.0051 1.0049 1.0176 1.0191 1.0187 1.0083
        0.9923 0.9966 0.9985 0.9939 0.9914 0.9851 0.9808 0.9829 0.9825 0.9839 0.9909 0.9990
   1  2
   2021 1.0000 1.0000 1.0000 1.0000 1.0000 1.0000 1.0000 1.0000 0.9742 0.9751 0.9770 0.9946
        1.0000 1.0000 1.0000 1.0000 1.0000 1.0000 1.0000 1.0000 0.9987 0.9971 0.9962 0.9958
        1.0000 1.0000 1.0000 1.0000 1.0000 1.0000 1.0000 1.0000 1.0162 1.0144 1.0119 1.0053
   2022 0.9683 0.9770 0.9819 0.9743 0.9993 0.9854 0.9862 0.9839 0.9741 0.9750 0.9770 0.9943
        0.9874 0.9972 1.0029 1.0033 1.0020 1.0014 0.9995 1.0014 0.9987 0.9971 0.9963 0.9958
        1.0207 1.0128 1.0071 1.0117 0.9997 1.0106 1.0102 1.0132 1.0162 1.0144 1.0118 1.0051
   2023 0.9690 0.9758 0.9821 0.9737 0.9992 0.9854 0.9862 0.9839 0.9735 0.9756 0.9770 0.9941
        0.9883 0.9966 1.0033 1.0027 1.0020 1.0014 0.9994 1.0014 0.9981 0.9977 0.9963 0.9955
        1.0215 1.0126 1.0074 1.0112 0.9997 1.0106 1.0102 1.0132 1.0155 1.0150 1.0118 1.0046
   2024 0.9689 0.9758 0.9812 0.9758 0.9993 0.9850 0.9871 0.9834 0.9741 0.9766 0.9770 0.9944
        0.9884 0.9968 1.0025 1.0050 1.0020 1.0010 1.0002 1.0010 0.9988 0.9988 0.9963 0.9957
        1.0215 1.0128 1.0065 1.0134 0.9997 1.0102 1.0110 1.0127 1.0162 1.0162 1.0118 1.0047
   2025 0.9688 0.9760 0.9811 0.9748 0.9993 0.9850 0.9871 0.9829 0.9748 0.9766 0.9770 0.9946
        0.9884 0.9972 1.0026 1.0039 1.0021 1.0010 1.0002 1.0005 0.9994 0.9988 0.9963 0.9960
        1.0215 1.0133 1.0064 1.0123 0.9997 1.0102 1.0110 1.0122 1.0168 1.0162 1.0118 1.0048
   1  3
   2021 1.0000 1.0000 1.0000 1.0000 1.0000 1.0000 1.0000 1.0000 1.1211 1.1654 1.0467 1.1576
        1.0000 1.0000 1.0000 1.0000 1.0000 1.0000 1.0000 1.0000 1.0692 1.0597 1.0359 1.1279
        1.0000 1.0000 1.0000 1.0000 1.0000 1.0000 1.0000 1.0000 0.8947 0.8872 0.9614 0.8420
   2022 1.1598 1.1151 1.2843 1.2855 1.1114 1.1757 1.1271 1.1752 1.1211 1.1654 1.0467 1.1638
        1.0947 1.0453 1.0253 1.0619 0.9187 0.9664 1.0349 0.9164 1.0692 1.0597 1.0359 1.1340
        0.8794 0.9184 0.8489 0.8279 0.9475 0.8791 0.8931 0.8876 0.8947 0.8872 0.9614 0.8465
   2023 1.1547 1.1188 1.2768 1.2945 1.1114 1.1757 1.1271 1.1752 1.1252 1.1605 1.0467 1.1764
        1.0898 1.0488 1.0193 1.0694 0.9187 0.9664 1.0349 0.9164 1.0731 1.0552 1.0359 1.1462
        0.8755 0.9214 0.8439 0.8337 0.9475 0.8791 0.8931 0.8876 0.8980 0.8835 0.9614 0.8556
   2024 1.1547 1.1176 1.2995 1.2590 1.1143 1.1817 1.1183 1.1808 1.1211 1.1509 1.0467 1.1701
        1.0898 1.0477 1.0374 1.0400 0.9211 0.9713 1.0268 0.9207 1.0692 1.0465 1.0359 1.1401
        0.8755 0.9205 0.8589 0.8108 0.9499 0.8836 0.8860 0.8918 0.8947 0.8762 0.9614 0.8511
   2025 1.1547 1.1151 1.2995 1.2765 1.1143 1.1817 1.1183 1.1863 1.1171 1.1509 1.0467 1.1638
        1.0898 1.0453 1.0374 1.0545 0.9211 0.9713 1.0268 0.9250 1.0653 1.0465 1.0359 1.1340
        0.8755 0.9184 0.8589 0.8221 0.9499 0.8836 0.8860 0.8960 0.8914 0.8762 0.9614 0.8465
   1  4
   2021 1.0000 1.0000 1.0000 1.0000 1.0000 1.0000 1.0000 1.0000 1.7396 1.7665 2.1590 2.1751
        1.0000 1.0000 1.0000 1.0000 1.0000 1.0000 1.0000 1.0000 0.6057 0.6516 0.4932 0.4641
        1.0000 1.0000 1.0000 1.0000 1.0000 1.0000 1.0000 1.0000 0.7372 0.7470 0.7591 0.7024
   2022 2.3537 2.2911 2.3175 1.8366 1.4626 1.5067 1.5726 1.4812 1.7418 1.7688 2.1603 2.2064
        0.5042 0.4393 0.4975 0.6206 0.8186 0.8319 0.8821 0.8694 0.6076 0.6502 0.4927 0.4710
        0.6581 0.6847 0.6440 0.7338 0.7137 0.6820 0.6335 0.6460 0.7349 0.7464 0.7588 0.7124
   2023 2.3136 2.3316 2.2802 1.8683 1.4640 1.5072 1.5728 1.4811 1.7661 1.7454 2.1605 2.2720
        0.4930 0.4479 0.4912 0.6286 0.8157 0.8299 0.8819 0.8692 0.6162 0.6414 0.4926 0.4850
        0.6484 0.6963 0.6315 0.7439 0.7139 0.6825 0.6334 0.6462 0.7449 0.7363 0.7588 0.7335
   2024 2.3136 2.3189 2.4009 1.7605 1.4821 1.5286 1.5255 1.5019 1.7420 1.7003 2.1605 2.2389
        0.4926 0.4455 0.5172 0.5923 0.8258 0.8417 0.8554 0.8814 0.6078 0.6248 0.4926 0.4780
        0.6487 0.6924 0.6649 0.7010 0.7227 0.6921 0.6143 0.6552 0.7348 0.7173 0.7588 0.7228
   2025 2.3136 2.2912 2.4009 1.8127 1.4821 1.5286 1.5255 1.5231 1.7185 1.7003 2.1605 2.2064
        0.4926 0.4402 0.5172 0.6099 0.8258 0.8417 0.8554 0.8938 0.5996 0.6248 0.4926 0.4710
        0.6487 0.6841 0.6649 0.7218 0.7227 0.6921 0.6143 0.6645 0.7249 0.7173 0.7588 0.7123
   2  1
   2021 1.0000 1.0000 1.0000 1.0000 1.0000 1.0000 1.0000 1.0000 0.9950 1.0088 0.9764 0.9753
        1.0000 1.0000 1.0000 1.0000 1.0000 1.0000 1.0000 1.0000 1.0251 1.0181 1.0116 1.0177
        1.0000 1.0000 1.0000 1.0000 1.0000 1.0000 1.0000 1.0000 0.9914 0.9875 1.0042 1.0025
   2022 0.9822 0.9999 0.9828 1.0168 1.0012 0.9900 1.0047 1.0051 0.9953 1.0090 0.9768 0.9761
        1.0164 1.0273 1.0184 1.0251 1.0056 1.0027 1.0070 1.0081 1.0247 1.0181 1.0116 1.0173
        0.9993 0.9847 0.9980 0.9808 0.9966 1.0065 0.9937 0.9919 0.9913 0.9874 1.0040 1.0019
   2023 0.9826 1.0005 0.9832 1.0175 1.0015 0.9901 1.0049 1.0055 0.9957 1.0089 0.9771 0.9764
        1.0164 1.0276 1.0183 1.0255 1.0056 1.0026 1.0068 1.0080 1.0246 1.0178 1.0116 1.0169
        0.9993 0.9852 0.9979 0.9814 0.9964 1.0065 0.9936 0.9916 0.9915 0.9869 1.0040 1.0013
   2024 0.9829 1.0006 0.9837 1.0150 1.0020 0.9900 1.0047 1.0060 0.9958 1.0083 0.9773 0.9770
        1.0163 1.0272 1.0181 1.0227 1.0056 1.0023 1.0063 1.0082 1.0242 1.0170 1.0116 1.0170
        0.9992 0.9851 0.9977 0.9791 0.9962 1.0061 0.9931 0.9917 0.9913 0.9861 1.0039 1.0013
   2025 0.9830 1.0004 0.9838 1.0163 1.0021 0.9900 1.0049 1.0064 0.9958 1.0084 0.9775 0.9776
        1.0162 1.0268 1.0181 1.0239 1.0056 1.0023 1.0062 1.0084 1.0238 1.0170 1.0116 1.0171
        0.9992 0.9848 0.9977 0.9803 0.9962 1.0061 0.9930 0.9918 0.9911 0.9860 1.0038 1.0013
   2  2
   2021 1.0000 1.0000 1.0000 1.0000 1.0000 1.0000 1.0000 1.0000 0.9804 0.9757 0.9878 0.9845
        1.0000 1.0000 1.0000 1.0000 1.0000 1.0000 1.0000 1.0000 1.0024 1.0005 0.9936 0.9961
        1.0000 1.0000 1.0000 1.0000 1.0000 1.0000 1.0000 1.0000 1.0107 1.0126 1.0085 1.0104
   2022 0.9875 0.9829 1.0002 0.9801 0.9926 0.9923 0.9959 0.9900 0.9797 0.9738 0.9857 0.9813
        0.9993 0.9993 1.0073 1.0065 0.9974 1.0016 1.0002 1.0011 1.0030 1.0008 0.9934 0.9955
        1.0059 1.0088 0.9958 1.0074 1.0070 1.0052 1.0029 1.0081 1.0109 1.0134 1.0096 1.0115
   2023 0.9845 0.9819 0.9990 0.9793 0.9917 0.9923 0.9959 0.9900 0.9793 0.9743 0.9857 0.9805
        1.0004 0.9987 1.0068 1.0055 0.9977 1.0016 1.0002 1.0011 1.0025 1.0014 0.9934 0.9947
        1.0073 1.0087 0.9965 1.0074 1.0076 1.0052 1.0029 1.0081 1.0104 1.0140 1.0096 1.0106
   2024 0.9845 0.9820 0.9993 0.9809 0.9914 0.9921 0.9961 0.9897 0.9797 0.9755 0.9857 0.9809
        1.0004 0.9989 1.0070 1.0071 0.9974 1.0014 1.0005 1.0008 1.0030 1.0026 0.9934 0.9951
        1.0073 1.0089 0.9968 1.0090 1.0073 1.0050 1.0031 1.0078 1.0109 1.0151 1.0096 1.0111
   2025 0.9845 0.9823 0.9993 0.9801 0.9914 0.9921 0.9961 0.9894 0.9802 0.9755 0.9857 0.9813
        1.0004 0.9991 1.0070 1.0063 0.9974 1.0014 1.0005 1.0005 1.0035 1.0026 0.9934 0.9955
        1.0073 1.0091 0.9968 1.0082 1.0073 1.0050 1.0031 1.0075 1.0113 1.0151 1.0096 1.0115
   2  3
   2021 1.0000 1.0000 1.0000 1.0000 1.0000 1.0000 1.0000 1.0000 0.9435 0.9847 1.0228 0.9575
        1.0000 1.0000 1.0000 1.0000 1.0000 1.0000 1.0000 1.0000 1.0377 1.0367 1.0761 1.0464
        1.0000 1.0000 1.0000 1.0000 1.0000 1.0000 1.0000 1.0000 1.0166 0.9922 0.9510 0.9948
   2022 0.9469 1.0081 0.9912 1.0944 0.9519 0.9909 0.9587 0.9264 0.9435 0.9847 1.0228 0.9574
        1.0521 1.1070 1.0736 1.0819 1.0266 1.0329 1.0386 1.0182 1.0377 1.0367 1.0761 1.0464
        0.9963 0.9360 0.9633 0.9170 1.0264 0.9929 1.0139 1.0549 1.0166 0.9922 0.9510 0.9947
   2023 0.9470 1.0103 0.9902 1.0976 0.9519 0.9909 0.9587 0.9264 0.9426 0.9847 1.0228 0.9573
        1.0523 1.1093 1.0725 1.0851 1.0266 1.0329 1.0386 1.0182 1.0367 1.0367 1.0761 1.0462
        0.9965 0.9380 0.9623 0.9197 1.0264 0.9929 1.0139 1.0549 1.0156 0.9922 0.9510 0.9946
   2024 0.9470 1.0096 0.9933 1.0849 0.9507 0.9909 0.9604 0.9244 0.9435 0.9847 1.0228 0.9574
        1.0523 1.1086 1.0758 1.0725 1.0254 1.0329 1.0403 1.0161 1.0377 1.0367 1.0761 1.0463
        0.9965 0.9374 0.9653 0.9090 1.0252 0.9929 1.0156 1.0527 1.0166 0.9921 0.9510 0.9947
   2025 0.9470 1.0081 0.9933 1.0912 0.9507 0.9909 0.9604 0.9225 0.9444 0.9847 1.0228 0.9574
        1.0523 1.1070 1.0758 1.0787 1.0254 1.0329 1.0403 1.0139 1.0387 1.0367 1.0761 1.0464
        0.9965 0.9360 0.9653 0.9143 1.0252 0.9929 1.0156 1.0505 1.0175 0.9921 0.9510 0.9947
   2  4
   2021 1.0000 1.0000 1.0000 1.0000 1.0000 1.0000 1.0000 1.0000 1.9812 1.8364 2.2997 2.4038
        1.0000 1.0000 1.0000 1.0000 1.0000 1.0000 1.0000 1.0000 0.4987 0.5075 0.4129 0.4254
        1.0000 1.0000 1.0000 1.0000 1.0000 1.0000 1.0000 1.0000 0.6412 0.7724 0.7395 0.6058
   2022 2.5652 2.4119 2.3449 1.8991 1.6171 1.6511 1.7134 1.6087 1.9812 1.8364 2.2997 2.4479
        0.3511 0.3522 0.3886 0.4451 0.5168 0.4547 0.4541 0.5092 0.4987 0.5075 0.4129 0.4332
        0.6443 0.6747 0.6913 0.7764 0.7235 0.7333 0.7101 0.7014 0.6412 0.7724 0.7395 0.6169
   2023 2.5179 2.4568 2.3088 1.9274 1.6171 1.6511 1.7134 1.6087 2.0180 1.8116 2.2997 2.5417
        0.3446 0.3587 0.3827 0.4518 0.5168 0.4547 0.4541 0.5092 0.5079 0.5007 0.4129 0.4498
        0.6324 0.6872 0.6807 0.7880 0.7235 0.7333 0.7101 0.7014 0.6531 0.7620 0.7395 0.6405
   2024 2.5179 2.4426 2.4212 1.8190 1.6402 1.6762 1.6607 1.6322 1.9812 1.7645 2.2997 2.4942
        0.3446 0.3567 0.4013 0.4264 0.5242 0.4616 0.4401 0.5167 0.4987 0.4876 0.4129 0.4414
        0.6324 0.6833 0.7138 0.7437 0.7339 0.7444 0.6882 0.7116 0.6412 0.7422 0.7395 0.6285
   2025 2.5179 2.4119 2.4212 1.8716 1.6402 1.6762 1.6607 1.6564 1.9457 1.7645 2.2997 2.4479
        0.3446 0.3522 0.4013 0.4387 0.5242 0.4616 0.4401 0.5243 0.4898 0.4876 0.4129 0.4332
        0.6324 0.6747 0.7138 0.7652 0.7339 0.7444 0.6882 0.7221 0.6297 0.7422 0.7395 0.6169
   3  1
   2021 1.0000 1.0000 1.0000 1.0000 1.0000 1.0000 1.0000 1.0000 1.0527 1.0445 1.0234 1.0241
        1.0000 1.0000 1.0000 1.0000 1.0000 1.0000 1.0000 1.0000 0.9799 0.9950 1.0091 1.0149
        1.0000 1.0000 1.0000 1.0000 1.0000 1.0000 1.0000 1.0000 0.9775 0.9787 0.9852 0.9786
   2022 1.0390 1.0294 1.0306 1.0359 1.0305 1.0286 1.0310 1.0343 1.0527 1.0445 1.0234 1.0249
        1.0250 1.0076 1.0034 0.9958 0.9899 0.9888 0.9898 0.9883 0.9799 0.9950 1.0091 1.0156
        0.9696 0.9814 0.9834 0.9834 0.9803 0.9828 0.9817 0.9759 0.9775 0.9787 0.9852 0.9793
   2023 1.0378 1.0302 1.0299 1.0367 1.0305 1.0286 1.0310 1.0343 1.0538 1.0435 1.0234 1.0264
        1.0239 1.0084 1.0027 0.9966 0.9899 0.9888 0.9898 0.9883 0.9809 0.9941 1.0091 1.0171
        0.9685 0.9821 0.9827 0.9842 0.9803 0.9828 0.9817 0.9759 0.9786 0.9778 0.9852 0.9807
   2024 1.0378 1.0299 1.0319 1.0335 1.0314 1.0294 1.0293 1.0353 1.0527 1.0416 1.0234 1.0257
        1.0239 1.0082 1.0047 0.9936 0.9907 0.9896 0.9882 0.9892 0.9799 0.9922 1.0091 1.0164
        0.9685 0.9819 0.9846 0.9812 0.9811 0.9835 0.9802 0.9768 0.9775 0.9760 0.9852 0.9800
   2025 1.0361 1.0286 1.0313 1.0340 1.0303 1.0285 1.0291 1.0359 1.0510 1.0414 1.0232 1.0252
        1.0231 1.0074 1.0044 0.9954 0.9908 0.9899 0.9882 0.9901 0.9792 0.9918 1.0085 1.0144
        0.9697 0.9819 0.9850 0.9831 0.9819 0.9841 0.9804 0.9780 0.9768 0.9764 0.9856 0.9799
   3  2
   2021 1.0000 1.0000 1.0000 1.0000 1.0000 1.0000 1.0000 1.0000 0.9790 0.9797 0.9809 0.9804
        1.0000 1.0000 1.0000 1.0000 1.0000 1.0000 1.0000 1.0000 1.0034 0.9971 0.9920 0.9958
        1.0000 1.0000 1.0000 1.0000 1.0000 1.0000 1.0000 1.0000 1.0111 1.0119 1.0123 1.0127
   2022 0.9883 0.9831 0.9786 0.9796 0.9778 0.9879 0.9765 0.9892 0.9790 0.9796 0.9808 0.9797
        1.0006 0.9997 0.9949 0.9941 1.0020 1.0017 0.9976 1.0037 1.0034 0.9972 0.9921 0.9953
        1.0049 1.0084 1.0131 1.0129 1.0167 1.0086 1.0181 1.0076 1.0111 1.0119 1.0124 1.0124
   2023 0.9883 0.9827 0.9790 0.9790 0.9779 0.9880 0.9764 0.9891 0.9784 0.9800 0.9806 0.9787
        1.0010 0.9994 0.9954 0.9938 1.0019 1.0017 0.9977 1.0037 1.0030 0.9977 0.9922 0.9944
        1.0051 1.0080 1.0137 1.0124 1.0167 1.0085 1.0181 1.0076 1.0107 1.0125 1.0124 1.0115
   2024 0.9883 0.9828 0.9776 0.9810 0.9772 0.9876 0.9778 0.9888 0.9789 0.9809 0.9806 0.9792
        1.0010 0.9995 0.9940 0.9958 1.0013 1.0014 0.9991 1.0034 1.0034 0.9986 0.9922 0.9949
        1.0051 1.0081 1.0122 1.0144 1.0160 1.0082 1.0195 1.0073 1.0111 1.0135 1.0124 1.0119
   2025 0.9883 0.9830 0.9776 0.9800 0.9772 0.9876 0.9778 0.9885 0.9794 0.9809 0.9806 0.9797
        1.0010 0.9998 0.9940 0.9948 1.0013 1.0014 0.9991 1.0031 1.0039 0.9986 0.9922 0.9953
        1.0051 1.0084 1.0122 1.0134 1.0160 1.0082 1.0195 1.0070 1.0116 1.0135 1.0124 1.0124
   3  3
   2021 1.0000 1.0000 1.0000 1.0000 1.0000 1.0000 1.0000 1.0000 0.8968 0.9030 0.8522 0.8415
        1.0000 1.0000 1.0000 1.0000 1.0000 1.0000 1.0000 1.0000 1.0923 1.0980 1.0828 1.0745
        1.0000 1.0000 1.0000 1.0000 1.0000 1.0000 1.0000 1.0000 1.0193 1.0088 1.0214 1.0388
   2022 0.8492 0.8627 0.7965 0.8278 0.8925 0.9172 0.9198 0.9353 0.8975 0.9037 0.8531 0.8405
        1.0713 1.0804 1.0943 1.1041 1.0903 1.0603 1.0533 1.0723 1.0920 1.0976 1.0826 1.0724
        1.0297 1.0219 1.0457 1.0437 1.0455 1.0378 1.0360 1.0225 1.0190 1.0086 1.0211 1.0367
   2023 0.8514 0.8624 0.7994 0.8262 0.8931 0.9177 0.9202 0.9357 0.8966 0.9051 0.8536 0.8377
        1.0732 1.0788 1.0967 1.1010 1.0902 1.0600 1.0529 1.0721 1.0903 1.0987 1.0825 1.0683
        1.0310 1.0200 1.0477 1.0404 1.0451 1.0375 1.0358 1.0223 1.0173 1.0096 1.0209 1.0327
   2024 0.8517 0.8632 0.7942 0.8358 0.8911 0.9161 0.9237 0.9345 0.8980 0.9073 0.8537 0.8393
        1.0732 1.0793 1.0890 1.1135 1.0875 1.0578 1.0567 1.0706 1.0918 1.1012 1.0825 1.0703
        1.0308 1.0202 1.0403 1.0521 1.0425 1.0354 1.0396 1.0209 1.0188 1.0119 1.0209 1.0346
   2025 0.8519 0.8644 0.7944 0.8313 0.8913 0.9162 0.9239 0.9335 0.8995 0.9075 0.8540 0.8411
        1.0732 1.0804 1.0890 1.1072 1.0875 1.0577 1.0566 1.0691 1.0933 1.1011 1.0824 1.0723
        1.0307 1.0211 1.0402 1.0461 1.0424 1.0354 1.0396 1.0195 1.0202 1.0119 1.0208 1.0365
   3  4
   2021 1.0000 1.0000 1.0000 1.0000 1.0000 1.0000 1.0000 1.0000 1.6178 1.6612 2.1194 2.1465
        1.0000 1.0000 1.0000 1.0000 1.0000 1.0000 1.0000 1.0000 0.6339 0.6497 0.5087 0.4841
        1.0000 1.0000 1.0000 1.0000 1.0000 1.0000 1.0000 1.0000 0.7976 0.8032 0.7683 0.7056
   2022 2.3159 2.2367 2.1296 1.7397 1.3668 1.3867 1.4490 1.3874 1.6197 1.6632 2.1209 2.1778
        0.5051 0.4843 0.4932 0.6723 0.9998 1.0105 1.1061 1.0123 0.6334 0.6490 0.5078 0.4906
        0.6744 0.6860 0.7371 0.7614 0.7103 0.6975 0.6296 0.6612 0.7966 0.8024 0.7681 0.7153
   2023 2.2786 2.2761 2.1021 1.7630 1.3669 1.3870 1.4493 1.3874 1.6379 1.6451 2.1212 2.2417
        0.4964 0.4925 0.4870 0.6818 0.9995 1.0108 1.1061 1.0123 0.6404 0.6417 0.5077 0.5049
        0.6634 0.6975 0.7271 0.7716 0.7103 0.6972 0.6294 0.6612 0.8054 0.7934 0.7680 0.7361
   2024 2.2787 2.2642 2.1885 1.6725 1.3820 1.4039 1.4102 1.4046 1.6201 1.6099 2.1214 2.2097
        0.4962 0.4899 0.5070 0.6469 1.0105 1.0231 1.0762 1.0248 0.6333 0.6278 0.5075 0.4976
        0.6634 0.6937 0.7568 0.7320 0.7182 0.7055 0.6123 0.6695 0.7965 0.7762 0.7680 0.7255
   2025 2.2788 2.2379 2.1888 1.7163 1.3821 1.4042 1.4106 1.4222 1.6029 1.6104 2.1220 2.1786
        0.4962 0.4841 0.5072 0.6643 1.0102 1.0234 1.0762 1.0373 0.6263 0.6276 0.5072 0.4903
        0.6635 0.6855 0.7566 0.7512 0.7182 0.7051 0.6120 0.6778 0.7876 0.7760 0.7679 0.7150
   4  1
   2021 1.0000 1.0000 1.0000 1.0000 1.0000 1.0000 1.0000 1.0000 0.9759 0.9777 0.9859 0.9834
        1.0000 1.0000 1.0000 1.0000 1.0000 1.0000 1.0000 1.0000 1.0060 1.0083 1.0059 1.0038
        1.0000 1.0000 1.0000 1.0000 1.0000 1.0000 1.0000 1.0000 1.0118 1.0082 1.0030 1.0064
   2022 0.9959 0.9959 0.9906 0.9938 0.9917 0.9751 0.9751 0.9771 0.9762 0.9779 0.9862 0.9834
        1.0005 1.0071 1.0078 0.9971 0.9981 1.0040 1.0016 1.0053 1.0059 1.0084 1.0060 1.0037
        1.0016 0.9980 1.0002 1.0044 1.0074 1.0175 1.0174 1.0172 1.0116 1.0080 1.0029 1.0060
   2023 0.9960 0.9959 0.9906 0.9936 0.9917 0.9751 0.9751 0.9771 0.9757 0.9783 0.9862 0.9829
        1.0006 1.0072 1.0079 0.9969 0.9981 1.0040 1.0016 1.0053 1.0054 1.0088 1.0060 1.0031
        1.0016 0.9980 1.0002 1.0042 1.0074 1.0175 1.0174 1.0172 1.0111 1.0084 1.0029 1.0054
   2024 0.9960 0.9959 0.9905 0.9943 0.9914 0.9744 0.9765 0.9765 0.9762 0.9790 0.9862 0.9832
        1.0006 1.0072 1.0077 0.9976 0.9979 1.0033 1.0030 1.0047 1.0059 1.0096 1.0060 1.0034
        1.0016 0.9980 1.0001 1.0049 1.0071 1.0167 1.0189 1.0166 1.0116 1.0093 1.0029 1.0057
   2025 0.9960 0.9959 0.9905 0.9940 0.9914 0.9744 0.9765 0.9758 0.9767 0.9790 0.9862 0.9834
        1.0006 1.0071 1.0077 0.9972 0.9979 1.0033 1.0030 1.0040 1.0064 1.0096 1.0060 1.0037
        1.0016 0.9980 1.0001 1.0046 1.0071 1.0167 1.0189 1.0159 1.0121 1.0093 1.0029 1.0060
   4  2
   2021 1.0000 1.0000 1.0000 1.0000 1.0000 1.0000 1.0000 1.0000 0.9920 1.0047 0.9867 0.9861
        1.0000 1.0000 1.0000 1.0000 1.0000 1.0000 1.0000 1.0000 1.0037 1.0046 0.9892 1.0002
        1.0000 1.0000 1.0000 1.0000 1.0000 1.0000 1.0000 1.0000 1.0031 0.9955 1.0113 1.0071
   2022 0.9821 0.9886 0.9862 0.9830 0.9921 0.9653 0.9734 0.9883 0.9920 1.0047 0.9867 0.9858
        0.9954 0.9892 0.9948 0.9961 0.9995 0.9997 1.0041 0.9999 1.0037 1.0046 0.9892 1.0000
        1.0104 1.0117 1.0095 1.0103 1.0065 1.0269 1.0176 1.0102 1.0031 0.9955 1.0113 1.0069
   2023 0.9825 0.9881 0.9866 0.9826 0.9921 0.9653 0.9734 0.9883 0.9919 1.0046 0.9867 0.9853
        0.9958 0.9887 0.9951 0.9956 0.9995 0.9997 1.0041 0.9999 1.0036 1.0045 0.9892 0.9994
        1.0108 1.0112 1.0099 1.0099 1.0065 1.0269 1.0176 1.0102 1.0029 0.9954 1.0113 1.0063
   2024 0.9825 0.9883 0.9856 0.9843 0.9919 0.9643 0.9748 0.9879 0.9920 1.0043 0.9867 0.9855
        0.9958 0.9889 0.9941 0.9973 0.9992 0.9986 1.0056 0.9995 1.0037 1.0042 0.9892 0.9997
        1.0108 1.0114 1.0088 1.0116 1.0062 1.0258 1.0191 1.0098 1.0031 0.9951 1.0113 1.0066
   2025 0.9825 0.9886 0.9856 0.9835 0.9919 0.9643 0.9748 0.9875 0.9922 1.0043 0.9867 0.9858
        0.9958 0.9892 0.9941 0.9965 0.9992 0.9986 1.0056 0.9991 1.0039 1.0042 0.9892 1.0000
        1.0108 1.0117 1.0088 1.0108 1.0062 1.0258 1.0191 1.0094 1.0032 0.9951 1.0113 1.0069
   4  3
   2021 1.0000 1.0000 1.0000 1.0000 1.0000 1.0000 1.0000 1.0000 0.9419 1.0033 0.9452 0.9488
        1.0000 1.0000 1.0000 1.0000 1.0000 1.0000 1.0000 1.0000 1.0023 1.0361 1.0195 1.0140
        1.0000 1.0000 1.0000 1.0000 1.0000 1.0000 1.0000 1.0000 1.0340 0.9827 1.0137 1.0185
   2022 1.0936 1.1305 1.1195 1.4466 1.2181 1.1349 1.0013 0.8642 0.9419 1.0033 0.9452 0.9481
        1.0332 1.1527 1.0981 0.9787 1.0274 1.0007 1.0599 1.0577 1.0023 1.0361 1.0195 1.0132
        0.9411 0.8507 0.8878 0.7809 0.8157 0.8957 0.9740 1.0904 1.0340 0.9827 1.0137 1.0177
   2023 1.0911 1.1368 1.1151 1.4609 1.2181 1.1349 1.0013 0.8642 0.9406 1.0029 0.9452 0.9466
        1.0308 1.1592 1.0939 0.9884 1.0274 1.0007 1.0599 1.0577 1.0009 1.0357 1.0195 1.0116
        0.9389 0.8554 0.8844 0.7886 0.8157 0.8957 0.9740 1.0904 1.0326 0.9823 1.0137 1.0161
   2024 1.0911 1.1348 1.1283 1.4053 1.2264 1.1396 1.0002 0.8610 0.9419 1.0020 0.9452 0.9473
        1.0308 1.1572 1.1068 0.9508 1.0344 1.0049 1.0587 1.0538 1.0023 1.0348 1.0195 1.0124
        0.9389 0.8539 0.8948 0.7586 0.8212 0.8995 0.9729 1.0863 1.0340 0.9814 1.0137 1.0169
   2025 1.0911 1.1305 1.1283 1.4326 1.2264 1.1396 1.0002 0.8579 0.9432 1.0020 0.9452 0.9481
        1.0308 1.1527 1.1068 0.9692 1.0344 1.0049 1.0587 1.0499 1.0036 1.0348 1.0195 1.0132
        0.9389 0.8507 0.8948 0.7733 0.8212 0.8995 0.9729 1.0824 1.0354 0.9814 1.0137 1.0177
   4  4
   2021 1.0000 1.0000 1.0000 1.0000 1.0000 1.0000 1.0000 1.0000 1.7577 1.7544 2.1409 2.1944
        1.0000 1.0000 1.0000 1.0000 1.0000 1.0000 1.0000 1.0000 0.6620 0.7258 0.5638 0.5598
        1.0000 1.0000 1.0000 1.0000 1.0000 1.0000 1.0000 1.0000 0.7001 0.7213 0.7307 0.6358
   2022 2.2132 2.4851 2.2639 1.8361 1.5351 1.4684 1.5298 1.4606 1.7577 1.7544 2.1409 2.2304
        0.5393 0.5011 0.4903 0.5645 0.8868 0.8425 0.9648 0.8724 0.6620 0.7258 0.5638 0.5689
        0.7021 0.5554 0.6739 0.7579 0.6267 0.7070 0.6299 0.6623 0.7001 0.7213 0.7307 0.6463
   2023 2.1800 2.5424 2.2288 1.8630 1.5351 1.4684 1.5298 1.4606 1.7838 1.7302 2.1409 2.3066
        0.5312 0.5126 0.4827 0.5728 0.8868 0.8425 0.9648 0.8724 0.6718 0.7158 0.5638 0.5884
        0.6916 0.5683 0.6634 0.7690 0.6267 0.7070 0.6299 0.6623 0.7104 0.7114 0.7307 0.6684
   2024 2.1800 2.5243 2.3381 1.7598 1.5584 1.4876 1.4853 1.4802 1.7577 1.6842 2.1409 2.2681
        0.5312 0.5090 0.5063 0.5411 0.9003 0.8535 0.9368 0.8841 0.6620 0.6968 0.5638 0.5785
        0.6916 0.5642 0.6960 0.7264 0.6362 0.7162 0.6116 0.6712 0.7001 0.6925 0.7307 0.6572
   2025 2.1800 2.4851 2.3381 1.8099 1.5584 1.4876 1.4853 1.5002 1.7324 1.6842 2.1409 2.2304
        0.5312 0.5011 0.5063 0.5565 0.9003 0.8535 0.9368 0.8960 0.6524 0.6968 0.5638 0.5689
        0.6916 0.5554 0.6960 0.7471 0.6362 0.7162 0.6116 0.6802 0.6900 0.6925 0.7307 0.6463
