 PATAMAR DE DEFICIT
 NUMERO DE PATAMARES DE DEFICIT
 XXX
   1
 CUSTO DO DEFICIT
 NUM|NOME SSIS.|    CUSTO DE DEFICIT POR PATAMAR  | P.U. CORTE POR PATAMAR|
 XXX|XXXXXXXXXX| F|XXXX.XX XXXX.XX XXXX.XX XXXX.XX|X.XXX X.XXX X.XXX X.XXX|
 1   SUDESTE     0 6524.05 0000.00 0000.00 0000.00 1.000 0.000 0.000 0.000 
 2   SUL         0 6524.05 0000.00 0000.00 0000.00 1.000 0.000 0.000 0.000 
 3   NORDESTE    0 6524.05 0000.00 0000.00 0000.00 1.000 0.000 0.000 0.000 
 4   NORTE       0 6524.05 0000.00 0000.00 0000.00 1.000 0.000 0.000 0.000 
 11  NOFICT1     1
 999
 LIMITES DE INTERCAMBIO
 A   B   A->B    B->A
 XXX XXX XJAN. XXXFEV. XXXMAR. XXXABR. XXXMAI. XXXJUN. XXXJUL. XXXAGO. XXXSET. XXXOUT. XXXNOV. XXXDEZ.
   1   2               0
2021                                                                    10293.  10234.  11263.  11226. 
2022    11257.  11239.  11242.  11265.  11204.  11209.  11220.  11188.  12077.  12115.  12119.  12087. 
2023    12087.  12110.  12062.  12147.  12029.  12036.  12053.  12004.  12100.  12092.  12119.  12136. 
2024    12087.  12102.  12136.  12053.  12053.  12061.  12004.  12029.  12077.  12047.  12119.  12111. 
2025    12087.  12083.  12136.  12100.  12053.  12061.  12004.  12053.  12053.  12047.  12119.  12087. 

2021                                                                     6712.   6462.   6882.   6807. 
2022     6872.   6834.   7392.   7429.   7320.   7328.   7347.   7690.   7773.   7817.   7822.   7785. 
2023     7785.   7812.   7757.   7853.   7718.   7727.   7746.   7690.   7800.   7791.   7822.   7841. 
2024     7785.   7802.   7841.   7747.   7746.   7756.   7690.   7718.   7773.   7740.   7822.   7813. 
2025     7785.   7781.   7841.   7800.   7746.   7756.   7690.   7746.   7747.   7740.   7822.   7785. 
   1  11               0
2021                                                                     4000.   4000.   4000.   4000. 
2022     5000.   5000.   5000.   5000.   5000.   5000.   5000.   5000.   5000.   5000.   5000.   5000. 
2023     5000.   5000.   5000.   5000.   5000.   5000.   5000.   5000.   5000.   5000.   5000.   5000. 
2024     5000.   5000.   5000.   5000.   5000.   5000.   5000.   5000.   5000.   5000.   5000.   5000. 
2025     5000.   5000.   5000.   5000.   5000.   5000.   5000.   5000.   5000.   5000.   5000.   5000. 

2021                                                                     4306.   4306.   3965.   3365. 
2022     4665.   4665.   4665.   4665.   5006.   5006.   5006.   5006.   5006.   5006.   4665.   4665. 
2023     4665.   4665.   4665.   4665.   5006.   5006.   5006.   5006.   5006.   5006.   4665.   4665. 
2024     4665.   4665.   4665.   4665.   5006.   5006.   5006.   5006.   5006.   5006.   4665.   4665. 
2025     4665.   4665.   4665.   4665.   5006.   5006.   5006.   5006.   5006.   5006.   4665.   4665. 
   3  11               0
2021                                                                     5000.   5000.   5000.   5000. 
2022     6400.   6400.   6400.   6400.   6400.   6400.   6400.   6400.   6400.   6400.   6400.   6400. 
2023     6400.   6400.   6400.   6400.   6642.   6640.   6635.   6648.   6611.   6756.   6744.   6743. 
2024     6747.   6746.   6743.   6761.   6768.   6767.   6774.   6771.   6758.   6762.   6744.   6745. 
2025     6747.   6748.   6743.   6756.   6768.   6767.   6774.   6768.   6761.   6762.   6744.   6747. 

2021                                                                     5500.   5500.   5500.   5500. 
2022     7800.   7800.   7800.   7800.   7800.   7800.   7800.   7800.   7800.   7800.   7800.   7800. 
2023     7800.   7800.   7800.   7800.   7800.   7800.   7800.   7800.   7800.   7800.   7800.   7800. 
2024     7800.   7800.   7800.   7800.   7800.   7800.   7800.   7800.   7800.   7800.   7800.   7800. 
2025     7800.   7800.   7800.   7800.   7800.   7800.   7800.   7800.   7800.   7800.   7800.   7800. 
   4  11               0
2021                                                                    99999.  99999.  99999.  99999. 
2022    99999.  99999.  99999.  99999.  99999.  99999.  99999.  99999.  99999.  99999.  99999.  99999. 
2023    99999.  99999.  99999.  99999.  99999.  99999.  99999.  99999.  99999.  99999.  99999.  99999. 
2024    99999.  99999.  99999.  99999.  99999.  99999.  99999.  99999.  99999.  99999.  99999.  99999. 
2025    99999.  99999.  99999.  99999.  99999.  99999.  99999.  99999.  99999.  99999.  99999.  99999. 

2021                                                                     4961.   4951.   4948.   4740. 
2022     4722.   4842.   4944.   4906.   4952.   4857.   4760.   5026.   5139.   5129.   5125.   4907. 
2023     4908.   5032.   5137.   5098.   5145.   5047.   4947.   5221.   5338.   5328.   5324.   5100. 
2024     5143.   5271.   5380.   5340.   5389.   5287.   5183.   5468.   5589.   5578.   5574.   5341. 
2025     5357.   5545.   5545.   5561.   5612.   5506.   5399.   5693.   5819.   5807.   5803.   5563. 
   1   3               0
2021                                                                     3300.   3300.   3300.   3300. 
2022     3300.   3300.   3300.   3300.   3300.   4291.   4293.   4286.   4297.   4302.   4303.   4298. 
2023     4298.   4301.   4295.   4307.   4290.   4291.   4293.   4286.   4300.   6000.   6000.   6000. 
2024     6000.   6000.   6000.   6000.   6000.   6000.   6000.   6000.   6000.   6000.   6000.   6000. 
2025     6000.   6000.   6000.   6000.   6000.   6000.   6000.   6000.   6000.   6000.   6000.   6000. 

2021                                                                     3500.   4800.   4800.   5000. 
2022     5300.   5300.   5300.   5300.   5300.   6400.   6400.   6400.   6400.   6400.   6400.   6400. 
2023     6400.   6400.   6400.   6400.   6955.   6955.   6953.   6957.   6950.   7946.   7910.   7908. 
2024     7913.   7911.   7908.   7954.   7977.   7975.   7989.   7983.   7949.   7955.   7910.   7910. 
2025     7913.   7913.   7908.   7944.   7977.   7975.   7989.   7977.   7954.   7955.   7910.   7913. 
   1   4               0
2021                                                                     2500.   2500.   2500.   2500. 
2022     4200.   4200.   4200.   4200.   4200.   4200.   4200.   4200.   4200.   4200.   4200.   4200. 
2023     4200.   4200.   4200.   4200.   4200.   4200.   4200.   4200.   4200.   4200.   4200.   4200. 
2024     4200.   4200.   4200.   4200.   4200.   4200.   4200.   4200.   4200.   4200.   4200.   4200. 
2025     4200.   4200.   4200.   4200.   4200.   4200.   4200.   4200.   4200.   4200.   4200.   4200. 

2021                                                                     4000.   4000.   5000.   5000. 
2022     8000.   8000.   8000.   8000.   8000.   8000.   6669.   5686.   5646.   5634.   6611.   7618. 
2023     8000.   8000.   8000.   8000.   8000.   8000.   6669.   5686.   5639.   5641.   6611.   7608. 
2024     8000.   8000.   8000.   8000.   8000.   8000.   6686.   5677.   5646.   5655.   6611.   7613. 
2025     8000.   8000.   8000.   8000.   8000.   8000.   6686.   5669.   5653.   5655.   6611.   7618. 
 999
 MERCADO DE ENERGIA TOTAL
 XXX
       XXXJAN. XXXFEV. XXXMAR. XXXABR. XXXMAI. XXXJUN. XXXJUL. XXXAGO. XXXSET. XXXOUT. XXXNOV. XXXDEZ.
   1
2021                                                                    40634.  41641.  40983.  40961. 
2022    43479.  43798.  43516.  42285.  40048.  39252.  38907.  39769.  41159.  42181.  41514.  41491. 
2023    45003.  45333.  45041.  43767.  41452.  40627.  40271.  41163.  42602.  43659.  42969.  42946. 
2024    46514.  46855.  46554.  45237.  42844.  41959.  41591.  42523.  44033.  45125.  44412.  44388. 
2025    48103.  49009.  47644.  46782.  44307.  43426.  43045.  43998.  45537.  46666.  45928.  45904. 
POS     48103.  49009.  47644.  46782.  44307.  43426.  43045.  43998.  45537.  46666.  45928.  45904. 
   2
2021                                                                    11687.  12058.  12349.  12575. 
2022    13608.  13862.  13242.  12635.  11878.  11978.  11970.  11961.  11881.  12207.  12553.  12783. 
2023    14123.  14387.  13743.  13113.  12328.  12431.  12423.  12414.  12331.  12669.  13028.  13267. 
2024    14651.  14924.  14257.  13603.  12788.  12886.  12864.  12868.  12791.  13143.  13515.  13763. 
2025    15198.  15710.  14583.  14111.  13266.  13378.  13369.  13359.  13269.  13634.  14020.  14277. 
POS     15198.  15710.  14583.  14111.  13266.  13378.  13369.  13359.  13269.  13634.  14020.  14277. 
   3
2021                                                                    11438.  12030.  12243.  12121. 
2022    12200.  12077.  12048.  11859.  11732.  11240.  11005.  11328.  11622.  12221.  12437.  12313. 
2023    12689.  12561.  12531.  12335.  12203.  11691.  11446.  11782.  12088.  12711.  12935.  12806. 
2024    13197.  13063.  13033.  12828.  12691.  12159.  11903.  12254.  12572.  13220.  13453.  13319. 
2025    13734.  13569.  13450.  13351.  13209.  12655.  12391.  12754.  13085.  13758.  14001.  13862. 
POS     13734.  13569.  13450.  13351.  13209.  12655.  12391.  12754.  13085.  13758.  14001.  13862. 
   4
2021                                                                     6161.   6151.   6148.   5940. 
2022     5922.   6042.   6144.   6106.   6152.   6057.   5960.   6226.   6339.   6329.   6325.   6107. 
2023     6108.   6232.   6337.   6298.   6345.   6247.   6147.   6421.   6538.   6528.   6524.   6300. 
2024     6343.   6471.   6580.   6540.   6589.   6487.   6383.   6668.   6789.   6778.   6774.   6541. 
2025     6557.   6745.   6745.   6761.   6812.   6706.   6599.   6893.   7019.   7007.   7003.   6763. 
POS      6557.   6745.   6745.   6761.   6812.   6706.   6599.   6893.   7019.   7007.   7003.   6763. 
 999
 GERACAO DE USINAS NAO SIMULADAS
 XXX  XBL  XXXXXXXXXXXXXXXXXXXX  XTE
       XXXJAN. XXXFEV. XXXMAR. XXXABR. XXXMAI. XXXJUN. XXXJUL. XXXAGO. XXXSET. XXXOUT. XXXNOV. XXXDEZ.
   1    1  PCH
2021                                                                     1264.   1419.   1961.   2425. 
2022     2509.   2732.   2789.   2478.   2131.   1786.   1523.   1402.   1277.   1431.   1981.   2450. 
2023     2551.   2775.   2833.   2518.   2173.   1833.   1555.   1431.   1301.   1459.   2015.   2490. 
2024     2585.   2812.   2870.   2554.   2196.   1843.   1561.   1434.   1308.   1467.   2023.   2513. 
2025     2628.   2858.   2917.   2596.   2241.   1882.   1594.   1462.   1332.   1494.   2061.   2547. 
   1    2  PCT
2021                                                                     4253.   3857.   3232.   1738. 
2022      832.    899.   1397.   3013.   3874.   4263.   4555.   4460.   4480.   4073.   3421.   1831. 
2023      874.    940.   1456.   3123.   4025.   4392.   4709.   4613.   4567.   4147.   3470.   1853. 
2024      884.    950.   1479.   3188.   4108.   4462.   4763.   4671.   4609.   4182.   3488.   1860. 
2025      891.    957.   1494.   3234.   4162.   4520.   4824.   4734.   4665.   4235.   3530.   1878. 
   1    3  EOL
2021                                                                       11.     11.      9.      9. 
2022       10.      7.      5.      4.      4.      4.      5.      8.     11.     11.      9.      9. 
2023       10.      7.      5.      4.      4.      4.      5.      8.     11.     11.      9.      9. 
2024       10.      7.      5.      4.      4.      4.      5.      8.     11.     11.      9.      9. 
2025       10.      7.      5.      4.      4.      4.      5.      8.     11.     11.      9.      9. 
   1    4  UFV
2021                                                                      248.    225.    292.    304. 
2022      296.    269.    285.    268.    291.    291.    330.    491.    545.    492.    488.    502. 
2023      501.    450.    535.    492.    486.    473.    517.    548.    600.    557.    545.    544. 
2024      559.    496.    509.    522.    480.    466.    533.    541.    608.    572.    545.    552. 
2025      559.    502.    509.    507.    480.    466.    533.    533.    616.    572.    545.    561. 
   2    1  PCH
2021                                                                      759.    890.    884.    828. 
2022     1008.    943.    920.    805.    908.   1074.    957.    846.    798.    929.    938.    880. 
2023     1069.    979.    956.    836.    943.   1110.   1002.    887.    836.    972.    966.    916. 
2024     1128.   1031.   1012.    891.   1001.   1164.   1038.    920.    867.   1007.   1000.    940. 
2025     1146.   1049.   1023.    896.   1007.   1172.   1067.    946.    892.   1038.   1032.    971. 
   2    2  PCT
2021                                                                      488.    470.    448.    340. 
2022      334.    345.    303.    443.    471.    518.    499.    521.    540.    523.    493.    371. 
2023      362.    375.    330.    479.    510.    518.    499.    521.    540.    522.    493.    371. 
2024      362.    375.    330.    479.    511.    518.    499.    521.    540.    522.    493.    371. 
2025      362.    375.    330.    479.    511.    518.    499.    522.    540.    522.    493.    371. 
   2    3  EOL
2021                                                                      772.    806.    759.    716. 
2022      622.    548.    608.    644.    651.    649.    732.    717.    772.    806.    759.    716. 
2023      622.    547.    608.    642.    651.    649.    732.    717.    773.    806.    759.    716. 
2024      622.    547.    606.    650.    652.    649.    730.    719.    772.    806.    759.    716. 
2025      622.    548.    606.    646.    652.    649.    730.    720.    771.    806.    759.    716. 
   2    4  UFV
2021                                                                        1.      1.      1.      1. 
2022        1.      1.      1.      1.      1.      1.      1.      1.      1.      1.      1.      1. 
2023        1.      1.      1.      1.      1.      1.      1.      1.      1.      1.      1.      1. 
2024        1.      1.      1.      1.      1.      1.      1.      1.      1.      1.      1.      1. 
2025        1.      1.      1.      1.      1.      1.      1.      1.      1.      1.      1.      1. 
   3    1  PCH
2021                                                                       70.     61.     80.     82. 
2022       66.     71.     72.     77.     73.     72.     76.     77.     70.     61.     80.     82. 
2023       66.     70.     72.     77.     73.     72.     76.     77.     70.     61.     80.     82. 
2024       66.     70.     72.     77.     73.     72.     76.     77.     70.     61.     80.     82. 
2025       72.     76.     77.     84.     80.     78.     83.     84.     76.     67.     86.     89. 
   3    2  PCT
2021                                                                      443.    464.    484.    487. 
2022      484.    402.    402.    363.    347.    328.    337.    385.    446.    468.    488.    496. 
2023      489.    407.    406.    366.    351.    332.    341.    389.    451.    473.    493.    497. 
2024      489.    407.    406.    366.    351.    332.    340.    389.    451.    472.    493.    497. 
2025      489.    406.    406.    366.    351.    332.    340.    389.    450.    472.    493.    496. 
   3    3  EOL
2021                                                                     9766.   8481.   8112.   7109. 
2022     5998.   4816.   4310.   5410.   6745.   8949.   9819.  11188.  11503.  10114.   9505.   8251. 
2023     6852.   5531.   4947.   6254.   7742.  10183.  11135.  12678.  12835.  11119.  10427.   9029. 
2024     7397.   5938.   5246.   6486.   8115.  10669.  11548.  13078.  13204.  11429.  10572.   9139. 
2025     7684.   6200.   5484.   6818.   8481.  11149.  12300.  13948.  14043.  12174.  11261.   9721. 
   3    4  UFV
2021                                                                      702.    672.    624.    643. 
2022      798.    762.    777.    793.    817.    853.    905.   1002.   1037.    902.    805.    798. 
2023      998.    919.    926.    898.    939.    956.    965.   1055.   1080.    961.    850.    820. 
2024     1060.    981.    938.    984.    966.    982.   1031.   1083.   1134.   1028.    892.    873. 
2025     1111.   1042.   1066.   1087.   1098.   1116.   1166.   1210.   1298.   1158.   1009.   1004. 
   4    1  PCH
2021                                                                       81.     90.    107.    114. 
2022      130.    137.    143.    136.    119.    104.     93.     88.     83.     93.    111.    118. 
2023      130.    137.    143.    136.    119.    104.     93.     88.     83.     93.    111.    118. 
2024      130.    137.    143.    136.    119.    104.     93.     88.     83.     93.    111.    118. 
2025      130.    137.    143.    136.    119.    104.     93.     88.     83.     93.    111.    118. 
   4    2  PCT
2021                                                                      212.    191.    221.    196. 
2022      200.    189.    186.    193.    209.    191.    207.    198.    212.    191.    221.    196. 
2023      200.    189.    186.    193.    209.    191.    207.    198.    212.    191.    221.    196. 
2024      200.    189.    186.    193.    209.    191.    207.    198.    212.    191.    221.    196. 
2025      200.    189.    186.    193.    209.    191.    207.    198.    212.    191.    221.    196. 
   4    3  EOL
2021                                                                      332.    311.    317.    281. 
2022      148.    102.     85.     69.    105.    147.    167.    249.    332.    311.    317.    281. 
2023      148.    102.     85.     68.    105.    147.    167.    249.    332.    311.    317.    281. 
2024      148.    102.     84.     71.    105.    146.    167.    250.    332.    312.    317.    281. 
2025      148.    102.     84.     70.    105.    146.    167.    251.    331.    312.    317.    281. 
   4    4  UFV
2021                                                                        2.      1.      1.      1. 
2022        1.      1.      1.      1.      1.      1.      2.      2.      2.      1.      1.      1. 
2023        1.      1.      1.      1.      1.      1.      2.      2.      2.      1.      1.      1. 
2024        1.      1.      1.      1.      1.      1.      2.      2.      2.      1.      1.      1. 
2025        1.      1.      1.      1.      1.      1.      2.      2.      2.      1.      1.      1. 
 999
